V:/Github/keras-yolo3/VOCdevkit2/VOC2007/JPEGImages/text0.jpg 577,430,823,658,0 308,317,447,417,0 1001,183,1115,289,0 1034,869,1389,1080,0 1595,731,1895,1060,0
V:/Github/keras-yolo3/VOCdevkit2/VOC2007/JPEGImages/text10.jpg 48,734,428,1078,0 147,452,364,652,0 560,460,814,685,0 1110,891,1389,1079,0 1069,539,1282,668,0 1522,457,1649,668,0 1697,361,1866,676,0 329,341,438,428,0 911,217,1064,441,0 1399,283,1523,437,0 1040,323,1173,419,0 1315,230,1400,316,0 1106,134,1206,305,0 993,154,1075,220,0 458,219,560,302,0 1167,69,1240,167,0
V:/Github/keras-yolo3/VOCdevkit2/VOC2007/JPEGImages/text100.jpg 588,424,841,613,0 337,202,454,409,0 1056,871,1391,1076,0 1625,715,1899,1052,0 992,283,1169,404,0 823,37,889,134,0 670,48,760,160,0 601,48,674,154,0
V:/Github/keras-yolo3/VOCdevkit2/VOC2007/JPEGImages/text101.jpg 317,205,440,409,0 540,424,814,661,0 1051,861,1380,1076,0 1648,693,1901,1060,0 958,285,1133,415,0 815,54,886,145,0 951,53,1018,137,0
V:/Github/keras-yolo3/VOCdevkit2/VOC2007/JPEGImages/text102.jpg 319,216,460,413,0 499,411,777,706,0 1063,863,1375,1080,0 1578,774,1917,1076,0 1489,309,1680,668,0 893,186,1152,395,0 826,43,891,137,0 941,48,1007,137,0 545,39,625,128,0
V:/Github/keras-yolo3/VOCdevkit2/VOC2007/JPEGImages/text103.jpg 1092,178,1233,394,0 826,34,895,135,0 949,39,1022,138,0 706,869,1032,1075,0 1096,886,1392,1079,0 1637,811,1920,1079,0
V:/Github/keras-yolo3/VOCdevkit2/VOC2007/JPEGImages/text104.jpg 307,211,415,413,0 1069,190,1218,400,0 691,731,1038,1080,0 1080,872,1399,1080,0 1611,793,1920,1075,0 801,34,892,149,0 945,64,1010,116,0
V:/Github/keras-yolo3/VOCdevkit2/VOC2007/JPEGImages/text105.jpg 333,222,444,409,0 1075,179,1221,400,0 944,67,995,112,0 823,108,892,154,0 821,69,866,101,0 710,852,1052,1080,0 1073,868,1436,1080,0 1584,813,1920,1077,0
V:/Github/keras-yolo3/VOCdevkit2/VOC2007/JPEGImages/text106.jpg 307,213,462,397,0 1070,187,1218,394,0 1077,869,1381,1080,0 1581,842,1920,1078,0 823,95,901,143,0 945,98,1010,142,0 941,71,999,108,0
V:/Github/keras-yolo3/VOCdevkit2/VOC2007/JPEGImages/text107.jpg 375,349,573,648,0 1028,194,1193,408,0 1066,872,1421,1074,0 1552,811,1920,1063,0 948,67,1008,115,0 826,98,901,139,0 297,215,430,404,0 822,74,851,101,0
V:/Github/keras-yolo3/VOCdevkit2/VOC2007/JPEGImages/text108.jpg 308,294,432,413,0 754,342,1000,708,0 1052,878,1366,1080,0 1601,831,1920,1071,0 1103,180,1308,402,0 949,68,1001,113,0 830,95,892,139,0 821,60,856,95,0
V:/Github/keras-yolo3/VOCdevkit2/VOC2007/JPEGImages/text109.jpg 328,293,488,423,0 1063,875,1401,1080,0 1604,701,1885,1080,0 1204,242,1336,420,0 958,53,1001,116,0
V:/Github/keras-yolo3/VOCdevkit2/VOC2007/JPEGImages/text11.jpg 96,337,241,627,0 564,458,814,660,0 1041,452,1269,660,0 1706,375,1814,665,0 1811,323,1895,650,0 1095,858,1445,1080,0 1410,167,1497,332,0 1492,171,1528,360,0 303,308,458,424,0 734,165,858,237,0 1008,149,1067,224,0 1170,60,1251,169,0 271,842,487,1080,0 1,679,271,1066,0 1140,87,1193,149,0
V:/Github/keras-yolo3/VOCdevkit2/VOC2007/JPEGImages/text110.jpg 1104,876,1370,1080,0 1614,679,1896,1080,0 322,301,484,424,0 921,34,975,126,0 970,50,1022,115,0
V:/Github/keras-yolo3/VOCdevkit2/VOC2007/JPEGImages/text112.jpg 315,298,477,416,0 1282,242,1447,430,0 1034,867,1391,1080,0 1600,704,1891,1080,0 952,30,1030,97,0
V:/Github/keras-yolo3/VOCdevkit2/VOC2007/JPEGImages/text113.jpg 326,290,458,400,0 1085,858,1404,1080,0 1615,694,1875,1080,0 944,52,1015,102,0
V:/Github/keras-yolo3/VOCdevkit2/VOC2007/JPEGImages/text114.jpg 345,286,501,420,0 955,28,1041,115,0 1095,871,1420,1080,0 1586,690,1895,1080,0
V:/Github/keras-yolo3/VOCdevkit2/VOC2007/JPEGImages/text115.jpg 307,305,434,412,0 1082,869,1378,1080,0 1617,704,1878,1074,0
V:/Github/keras-yolo3/VOCdevkit2/VOC2007/JPEGImages/text117.jpg 310,293,489,419,0 1067,867,1377,1080,0 1606,700,1910,1071,0 955,93,1007,160,0 967,69,1001,102,0
V:/Github/keras-yolo3/VOCdevkit2/VOC2007/JPEGImages/text118.jpg 330,289,488,413,0 1043,846,1392,1080,0 1610,694,1893,1080,0 945,98,1017,160,0 963,72,995,97,0
V:/Github/keras-yolo3/VOCdevkit2/VOC2007/JPEGImages/text119.jpg 1,738,189,1012,0 128,511,329,635,0 334,311,434,402,0 664,282,823,402,0 1012,198,1096,276,0 1448,437,1634,624,0 1301,206,1391,301,0 884,69,997,201,0 1186,111,1240,164,0 726,202,834,278,0 760,131,843,198,0
V:/Github/keras-yolo3/VOCdevkit2/VOC2007/JPEGImages/text12.jpg 55,953,434,1080,0 575,456,774,668,0 1077,476,1262,683,0 1121,902,1402,1080,0 1748,341,1888,658,0 1389,285,1521,431,0 319,317,475,437,0 984,142,1075,227,0
V:/Github/keras-yolo3/VOCdevkit2/VOC2007/JPEGImages/text120.jpg 340,204,470,411,0 1007,156,1148,400,0 1471,289,1674,694,0 1023,882,1393,1080,0 1626,697,1877,1061,0
V:/Github/keras-yolo3/VOCdevkit2/VOC2007/JPEGImages/text124.jpg 129,474,312,615,0 1092,860,1378,1080,0 1632,708,1894,1080,0 1488,434,1638,637,0 1026,272,1174,412,0 677,309,785,416,0 307,213,433,402,0
V:/Github/keras-yolo3/VOCdevkit2/VOC2007/JPEGImages/text125.jpg 115,474,291,658,0 292,201,406,395,0 645,315,840,419,0 1066,872,1413,1080,0 1723,497,1920,987,0 1504,441,1673,653,0 1104,71,1248,293,0 704,131,825,282,0 567,104,645,165,0
V:/Github/keras-yolo3/VOCdevkit2/VOC2007/JPEGImages/text126.jpg 148,486,378,676,0 401,822,709,1080,0 1082,856,1441,1078,0 1455,445,1647,682,0 692,317,844,420,0 307,227,503,420,0 740,193,867,285,0 989,193,1184,301,0 1301,205,1397,304,0 508,101,604,271,0 428,86,508,211,0
V:/Github/keras-yolo3/VOCdevkit2/VOC2007/JPEGImages/text127.jpg 133,442,281,606,0 1062,854,1396,1080,0 1718,902,1920,1052,0 1481,446,1647,665,0 1304,213,1411,312,0 932,165,1100,243,0 1040,211,1119,278,0 334,228,482,412,0 347,102,470,272,0 417,60,507,187,0 574,115,628,160,0 664,319,771,412,0
V:/Github/keras-yolo3/VOCdevkit2/VOC2007/JPEGImages/text129.jpg 128,441,315,623,0 460,191,556,304,0 733,201,843,282,0 664,322,771,412,0 1017,206,1119,283,0 1291,212,1401,308,0 1522,432,1649,622,0 1119,863,1411,1080,0 1591,568,1892,1080,0 571,109,637,164,0
V:/Github/keras-yolo3/VOCdevkit2/VOC2007/JPEGImages/text13.jpg 562,431,808,686,0 1052,471,1275,674,0 1121,871,1392,1080,0 1571,820,1920,1071,0 1410,294,1554,435,0 984,145,1084,234,0 311,315,470,432,0
V:/Github/keras-yolo3/VOCdevkit2/VOC2007/JPEGImages/text130.jpg 122,495,303,639,0 1078,854,1429,1080,0 1612,746,1920,1065,0 1470,442,1647,654,0 999,202,1093,290,0 1288,206,1397,309,0 663,309,760,408,0 329,293,452,412,0 438,195,545,286,0 737,195,837,283,0 569,94,637,168,0
V:/Github/keras-yolo3/VOCdevkit2/VOC2007/JPEGImages/text131.jpg 129,483,304,676,0 1088,854,1393,1080,0 1500,594,1857,1080,0 1473,442,1682,687,0 662,328,762,395,0 338,328,440,430,0 444,200,569,285,0 728,195,843,290,0 1010,200,1092,286,0 1301,220,1411,304,0 580,104,626,153,0
V:/Github/keras-yolo3/VOCdevkit2/VOC2007/JPEGImages/text132.jpg 122,490,296,635,0 662,309,774,408,0 336,335,434,415,0 451,193,548,283,0 715,185,854,282,0 986,204,1092,293,0 1295,202,1404,302,0 564,97,637,156,0 1503,450,1645,648,0 1051,839,1414,1080,0
V:/Github/keras-yolo3/VOCdevkit2/VOC2007/JPEGImages/text133.jpg 206,679,547,1080,0 1,727,160,1031,0 1096,854,1388,1080,0 1489,445,1641,672,0 128,490,314,627,0 645,312,784,406,0 334,346,428,422,0 445,200,555,289,0 737,198,854,300,0 984,212,1071,289,0 1306,217,1419,300,0
V:/Github/keras-yolo3/VOCdevkit2/VOC2007/JPEGImages/text134.jpg 1,746,182,1041,0 325,813,769,1079,0 1051,839,1426,1080,0 1489,464,1652,654,0 128,500,292,649,0 659,322,778,408,0 340,337,425,408,0 712,193,844,287,0 992,206,1092,291,0 1300,205,1404,306,0
V:/Github/keras-yolo3/VOCdevkit2/VOC2007/JPEGImages/text14.jpg 563,471,837,660,0 1073,471,1277,658,0 1133,878,1393,1080,0 1406,286,1548,437,0 338,316,469,432,0 985,156,1091,238,0
V:/Github/keras-yolo3/VOCdevkit2/VOC2007/JPEGImages/text140.jpg 128,512,318,627,0 1,816,143,979,0 277,843,686,1080,0 1078,880,1391,1080,0 1481,442,1654,672,0 317,298,481,409,0 649,291,860,443,0 1045,213,1123,276,0 1303,211,1406,306,0 726,197,843,276,0
V:/Github/keras-yolo3/VOCdevkit2/VOC2007/JPEGImages/text142.jpg 1,786,181,996,0 273,834,639,1080,0 1075,894,1388,1080,0 1452,443,1666,657,0 112,494,340,642,0 652,291,834,408,0 325,319,438,420,0 732,202,825,269,0 1019,206,1141,290,0 1295,206,1407,297,0 807,23,900,120,0
V:/Github/keras-yolo3/VOCdevkit2/VOC2007/JPEGImages/text144.jpg 289,827,632,1080,0 1,793,186,1007,0 1129,880,1396,1080,0 1486,458,1632,661,0 144,497,315,648,0 329,302,467,420,0 658,291,784,405,0 1312,206,1393,290,0 1023,206,1118,286,0 723,200,817,265,0
V:/Github/keras-yolo3/VOCdevkit2/VOC2007/JPEGImages/text145.jpg 1056,911,1390,1080,0 310,824,607,1080,0 1,801,125,1017,0 126,501,308,630,0 1454,453,1659,650,0 659,289,797,397,0 319,300,471,417,0 729,193,825,274,0 1008,211,1119,283,0 1292,213,1400,293,0
V:/Github/keras-yolo3/VOCdevkit2/VOC2007/JPEGImages/text146.jpg 1,841,119,1008,0 377,772,683,1080,0 140,501,311,630,0 1073,875,1434,1080,0 1443,443,1652,637,0 659,293,792,393,0 319,309,462,408,0 726,201,851,267,0 1023,215,1112,272,0 1303,213,1415,283,0
V:/Github/keras-yolo3/VOCdevkit2/VOC2007/JPEGImages/text147.jpg 356,776,751,1080,0 1101,878,1425,1080,0 1,769,181,1000,0 129,506,319,615,0 651,283,795,390,0 330,280,455,413,0 1448,457,1637,613,0 1301,208,1399,280,0 1012,212,1103,269,0 737,187,844,265,0
V:/Github/keras-yolo3/VOCdevkit2/VOC2007/JPEGImages/text148.jpg 299,852,685,1080,0 1052,900,1428,1080,0 1,772,152,999,0 84,522,314,616,0 1448,445,1640,648,0 640,297,782,385,0 330,301,475,415,0 722,205,837,267,0 1007,215,1117,268,0 1303,215,1392,285,0
V:/Github/keras-yolo3/VOCdevkit2/VOC2007/JPEGImages/text149.jpg 299,834,713,1080,0 1070,872,1411,1080,0 1,789,133,991,0 91,520,322,615,0 654,322,762,386,0 330,297,466,409,0 717,197,841,271,0 1006,211,1110,271,0 1297,213,1392,294,0 1473,457,1666,638,0
V:/Github/keras-yolo3/VOCdevkit2/VOC2007/JPEGImages/text15.jpg 563,454,829,678,0 1054,475,1288,671,0 1077,876,1393,1080,0 351,311,454,422,0 1003,153,1084,223,0 1412,286,1556,420,0
V:/Github/keras-yolo3/VOCdevkit2/VOC2007/JPEGImages/text150.jpg 389,787,679,1080,0 1,802,121,985,0 163,474,317,634,0 337,289,482,417,0 636,317,773,404,0 1467,457,1667,648,0 1312,208,1400,290,0 1010,215,1111,274,0 728,204,829,263,0 1047,908,1424,1080,0
V:/Github/keras-yolo3/VOCdevkit2/VOC2007/JPEGImages/text151.jpg 352,761,717,1080,0 1112,886,1385,1080,0 1,852,154,999,0 143,464,317,626,0 1485,460,1688,661,0 652,331,780,390,0 338,297,455,409,0 451,208,536,271,0 745,204,825,265,0 1004,213,1104,271,0 1281,205,1384,283,0
V:/Github/keras-yolo3/VOCdevkit2/VOC2007/JPEGImages/text152.jpg 362,754,701,1080,0 1,809,122,1008,0 1084,889,1404,1080,0 1475,443,1652,668,0 158,471,318,632,0 338,294,455,415,0 675,328,760,394,0 1019,213,1101,275,0 1289,205,1375,289,0 737,193,828,263,0 460,194,574,280,0 1181,46,1252,146,0 1145,78,1184,113,0
V:/Github/keras-yolo3/VOCdevkit2/VOC2007/JPEGImages/text154.jpg 1,715,186,995,0 349,767,714,1080,0 143,448,384,612,0 1497,461,1670,660,0 1091,889,1420,1080,0 652,312,774,386,0 326,311,428,402,0 460,197,564,279,0 728,201,823,263,0 988,190,1126,268,0 1277,204,1386,280,0 989,126,1084,187,0 1174,48,1252,139,0 1147,79,1177,112,0
V:/Github/keras-yolo3/VOCdevkit2/VOC2007/JPEGImages/text155.jpg 1,728,162,977,0 371,767,692,1080,0 152,489,323,630,0 1469,452,1640,639,0 647,311,766,385,0 329,309,480,411,0 449,187,556,272,0 728,208,834,265,0 1015,187,1119,260,0 1300,208,1407,287,0 982,126,1082,202,0 1180,43,1244,145,0 1138,76,1185,120,0
V:/Github/keras-yolo3/VOCdevkit2/VOC2007/JPEGImages/text156.jpg 352,813,710,1080,0 1,735,164,981,0 1470,453,1645,649,0 129,493,366,615,0 314,313,437,409,0 633,293,837,401,0 443,200,569,279,0 728,201,832,269,0 1300,208,1403,286,0 984,130,1078,209,0 1044,64,1138,135,0 1138,75,1204,130,0 1122,941,1388,1080,0
V:/Github/keras-yolo3/VOCdevkit2/VOC2007/JPEGImages/text157.jpg 291,802,659,1080,0 1122,952,1371,1080,0 1,753,171,1008,0 1467,450,1654,660,0 143,487,329,626,0 343,286,466,416,0 641,275,818,397,0 449,198,562,285,0 722,200,845,278,0 1033,187,1132,272,0 1299,212,1407,286,0 981,146,1074,194,0 1178,48,1245,139,0 1129,78,1188,123,0
V:/Github/keras-yolo3/VOCdevkit2/VOC2007/JPEGImages/text158.jpg 1,731,177,1003,0 364,786,662,1080,0 1140,938,1367,1080,0 1448,460,1671,657,0 140,501,345,637,0 330,285,478,417,0 647,274,863,417,0 1300,206,1406,297,0 1018,180,1129,282,0 734,204,830,275,0 449,197,554,272,0 1140,78,1196,126,0 736,134,847,206,0
V:/Github/keras-yolo3/VOCdevkit2/VOC2007/JPEGImages/text159.jpg 355,761,670,1080,0 1,734,169,991,0 1482,460,1659,652,0 133,493,341,615,0 321,293,448,415,0 656,280,829,400,0 449,197,555,279,0 738,198,866,280,0 1000,198,1138,279,0 1295,208,1410,291,0 1181,100,1241,164,0 1137,74,1197,134,0 755,128,844,198,0 1119,941,1376,1080,0
V:/Github/keras-yolo3/VOCdevkit2/VOC2007/JPEGImages/text16.jpg 1086,891,1431,1080,0 571,457,818,667,0 1080,432,1228,648,0 1444,289,1562,417,0 314,308,467,427,0 978,138,1091,217,0
V:/Github/keras-yolo3/VOCdevkit2/VOC2007/JPEGImages/text161.jpg 1,858,123,1002,0 326,790,671,1080,0 144,465,348,634,0 1118,943,1367,1080,0 1441,446,1634,628,0 629,275,851,406,0 325,294,480,413,0 460,206,560,278,0 744,197,838,269,0 995,191,1154,272,0 1304,215,1389,294,0 752,131,849,204,0 1145,78,1191,132,0 1175,104,1243,163,0
V:/Github/keras-yolo3/VOCdevkit2/VOC2007/JPEGImages/text162.jpg 366,776,661,1080,0 1,790,103,988,0 141,472,332,619,0 1440,441,1647,630,0 1300,198,1385,302,0 1012,197,1103,278,0 647,280,832,393,0 337,302,471,423,0 462,208,560,293,0 722,197,864,269,0 1141,75,1188,122,0 1173,104,1245,157,0 1119,928,1421,1080,0
V:/Github/keras-yolo3/VOCdevkit2/VOC2007/JPEGImages/text163.jpg 325,793,722,1080,0 1,760,125,992,0 1478,439,1640,649,0 154,443,307,600,0 351,290,469,415,0 686,289,780,390,0 458,187,560,290,0 725,197,869,280,0 988,187,1164,286,0 1282,205,1392,294,0 1182,105,1238,161,0 1132,68,1195,128,0 1115,876,1426,1080,0
V:/Github/keras-yolo3/VOCdevkit2/VOC2007/JPEGImages/text165.jpg 358,793,657,1080,0 1111,801,1370,1080,0 1,772,126,996,0 160,450,297,623,0 338,279,473,411,0 1471,443,1659,660,0 1596,190,1738,454,0 664,280,807,409,0 738,197,841,265,0 1306,211,1399,293,0 1241,101,1336,289,0 989,131,1082,205,0 1136,78,1191,122,0 1182,115,1252,182,0
V:/Github/keras-yolo3/VOCdevkit2/VOC2007/JPEGImages/text166.jpg 337,795,661,1080,0 1103,950,1415,1080,0 1,772,130,990,0 160,454,295,608,0 1475,450,1654,654,0 628,282,801,389,0 317,294,466,406,0 741,197,871,269,0 1004,197,1136,267,0 1303,212,1418,297,0 996,135,1103,190,0 1188,105,1273,156,0 1122,74,1204,126,0
V:/Github/keras-yolo3/VOCdevkit2/VOC2007/JPEGImages/text167.jpg 362,794,673,1080,0 1,769,121,988,0 1117,938,1424,1080,0 1447,437,1634,632,0 149,452,293,602,0 334,294,462,404,0 619,282,801,387,0 734,201,844,265,0 1023,193,1133,275,0 1280,208,1377,283,0 1175,93,1234,156,0 1132,74,1193,122,0 985,131,1074,198,0
V:/Github/keras-yolo3/VOCdevkit2/VOC2007/JPEGImages/text168.jpg 373,787,674,1080,0 1,779,106,997,0 151,448,329,626,0 330,302,464,411,0 636,279,814,389,0 1410,480,1630,650,0 1300,208,1403,293,0 1012,191,1121,268,0 1188,108,1262,163,0 971,138,1070,205,0 748,149,848,197,0 723,208,848,272,0
V:/Github/keras-yolo3/VOCdevkit2/VOC2007/JPEGImages/text169.jpg 355,795,697,1080,0 1,775,101,1001,0 140,441,396,615,0 1470,441,1633,656,0 641,282,789,390,0 323,295,480,402,0 737,195,844,272,0 1019,190,1126,258,0 1278,204,1385,282,0 1193,104,1254,156,0 995,141,1064,197,0
V:/Github/keras-yolo3/VOCdevkit2/VOC2007/JPEGImages/text17.jpg 1103,875,1397,1080,0 1078,456,1278,663,0 573,443,803,650,0 345,323,460,423,0 1426,276,1534,426,0 982,138,1078,220,0
V:/Github/keras-yolo3/VOCdevkit2/VOC2007/JPEGImages/text170.jpg 360,771,708,1080,0 1,782,106,1006,0 143,457,369,611,0 343,302,452,411,0 656,286,808,386,0 736,200,834,267,0 1014,186,1122,265,0 1297,215,1393,283,0 1181,104,1256,153,0 748,139,854,190,0
V:/Github/keras-yolo3/VOCdevkit2/VOC2007/JPEGImages/text172.jpg 1,772,110,1004,0 145,467,307,622,0 344,297,469,404,0 622,291,848,385,0 1026,186,1133,268,0 1270,219,1393,279,0 725,194,854,263,0 973,128,1074,201,0 1171,105,1259,153,0
V:/Github/keras-yolo3/VOCdevkit2/VOC2007/JPEGImages/text174.jpg 1,723,154,981,0 140,446,321,626,0 312,304,471,413,0 674,290,815,397,0 1301,209,1397,294,0 1018,200,1119,269,0 723,195,840,267,0 767,146,860,204,0 975,138,1075,208,0 1191,105,1252,158,0
V:/Github/keras-yolo3/VOCdevkit2/VOC2007/JPEGImages/text175.jpg 1,731,158,992,0 147,448,297,611,0 329,294,466,411,0 644,276,841,398,0 740,194,866,285,0 1000,200,1103,280,0 1293,220,1403,290,0 1189,108,1256,158,0 985,128,1081,206,0
V:/Github/keras-yolo3/VOCdevkit2/VOC2007/JPEGImages/text176.jpg 1,737,177,1009,0 147,502,288,645,0 326,298,443,419,0 658,282,849,391,0 732,202,841,274,0 1006,208,1115,282,0 1304,211,1430,286,0 1166,113,1249,152,0 975,132,1080,206,0
V:/Github/keras-yolo3/VOCdevkit2/VOC2007/JPEGImages/text177.jpg 1,722,167,992,0 130,505,338,638,0 333,298,467,400,0 659,282,830,393,0 734,197,856,269,0 992,209,1108,279,0 1297,201,1381,291,0 1185,97,1249,153,0
V:/Github/keras-yolo3/VOCdevkit2/VOC2007/JPEGImages/text178.jpg 1,715,164,1023,0 143,497,301,609,0 341,308,445,402,0 643,279,833,390,0 740,187,854,258,0 1001,208,1099,268,0 1297,213,1386,276,0 999,139,1073,208,0 1185,106,1245,153,0 771,148,862,191,0
V:/Github/keras-yolo3/VOCdevkit2/VOC2007/JPEGImages/text179.jpg 138,494,401,615,0 1495,474,1644,643,0 336,300,458,411,0 589,67,689,164,0
V:/Github/keras-yolo3/VOCdevkit2/VOC2007/JPEGImages/text18.jpg 1095,891,1408,1080,0 601,449,800,650,0 1070,454,1278,653,0 1389,276,1537,419,0 329,309,466,420,0 911,76,1025,219,0
V:/Github/keras-yolo3/VOCdevkit2/VOC2007/JPEGImages/text180.jpg 1,716,148,1003,0 1486,454,1663,652,0 103,509,329,617,0 341,297,456,398,0 662,275,829,390,0 1297,215,1395,289,0 1012,202,1108,269,0 729,194,836,268,0 1167,111,1237,150,0
V:/Github/keras-yolo3/VOCdevkit2/VOC2007/JPEGImages/text181.jpg 1,709,164,1011,0 144,501,338,627,0 1493,452,1662,663,0 319,306,452,400,0 662,272,823,398,0 1008,205,1107,272,0 740,190,832,258,0 1307,206,1411,279,0 1178,104,1243,160,0 757,134,842,193,0
V:/Github/keras-yolo3/VOCdevkit2/VOC2007/JPEGImages/text182.jpg 6,698,147,1009,0 173,471,330,613,0 1438,431,1642,623,0 316,307,449,400,0 670,275,801,387,0 744,198,837,261,0 1000,205,1125,268,0 1308,213,1406,283,0 774,145,845,194,0 1179,105,1240,158,0
V:/Github/keras-yolo3/VOCdevkit2/VOC2007/JPEGImages/text183.jpg 1,738,164,1008,0 89,501,304,612,0 1439,445,1651,641,0 331,301,466,401,0 665,270,806,390,0 740,195,838,268,0 1007,202,1110,265,0 1310,209,1409,278,0 1174,106,1241,153,0
V:/Github/keras-yolo3/VOCdevkit2/VOC2007/JPEGImages/text184.jpg 1,727,143,1022,0 151,493,332,616,0 1443,442,1619,619,0 338,301,466,409,0 647,278,830,389,0 737,199,838,262,0 1005,205,1110,271,0 1308,208,1407,280,0 785,134,877,191,0 1162,88,1229,159,0
V:/Github/keras-yolo3/VOCdevkit2/VOC2007/JPEGImages/text186.jpg 1,763,185,992,0 166,426,337,620,0 341,311,467,418,0 643,267,808,386,0 1375,434,1647,641,0 1277,198,1404,286,0 1003,209,1122,279,0 736,202,830,265,0 1170,98,1240,148,0
V:/Github/keras-yolo3/VOCdevkit2/VOC2007/JPEGImages/text187.jpg 1,748,175,990,0 159,442,333,620,0 329,312,443,402,0 658,278,822,392,0 1469,465,1677,661,0 1288,198,1392,285,0 989,197,1144,271,0 1182,100,1248,145,0 734,198,826,255,0
V:/Github/keras-yolo3/VOCdevkit2/VOC2007/JPEGImages/text188.jpg 1,760,156,1005,0 143,449,334,631,0 328,307,445,409,0 640,268,810,378,0 1432,441,1641,648,0 1311,213,1404,282,0 997,198,1144,270,0 729,198,834,257,0 1166,107,1244,149,0
V:/Github/keras-yolo3/VOCdevkit2/VOC2007/JPEGImages/text189.jpg 1,750,169,994,0 166,453,300,605,0 319,315,441,407,0 643,286,844,387,0 1454,456,1636,660,0 1278,202,1407,293,0 1004,190,1143,265,0 740,197,828,259,0
V:/Github/keras-yolo3/VOCdevkit2/VOC2007/JPEGImages/text190.jpg 1,778,170,1017,0 155,426,317,629,0 1434,453,1632,641,0 678,272,818,394,0 340,312,460,412,0 725,205,859,279,0 999,196,1152,271,0 1289,211,1396,282,0 755,127,855,194,0
V:/Github/keras-yolo3/VOCdevkit2/VOC2007/JPEGImages/text191.jpg 1,768,178,989,0 162,444,385,611,0 334,313,464,402,0 663,285,804,392,0 1445,439,1632,623,0 1282,202,1382,282,0 1022,186,1136,261,0 748,198,838,268,0
V:/Github/keras-yolo3/VOCdevkit2/VOC2007/JPEGImages/text192.jpg 1,772,180,1005,0 1454,463,1659,649,0 334,298,469,419,0 660,281,811,392,0 732,202,834,270,0 1011,189,1125,259,0 1303,211,1403,285,0
V:/Github/keras-yolo3/VOCdevkit2/VOC2007/JPEGImages/text194.jpg 1,741,158,1032,0 180,408,364,627,0 341,300,462,408,0 652,298,803,412,0 1443,430,1628,648,0 1292,207,1393,276,0 1191,104,1266,161,0 1014,174,1121,270,0 726,122,874,263,0
V:/Github/keras-yolo3/VOCdevkit2/VOC2007/JPEGImages/text196.jpg 1,772,160,1017,0 1448,442,1634,638,0 163,418,382,641,0 326,294,460,398,0 663,287,807,408,0 1299,211,1417,292,0 759,145,869,198,0 1169,94,1237,153,0 511,22,595,138,0
V:/Github/keras-yolo3/VOCdevkit2/VOC2007/JPEGImages/text197.jpg 1,767,163,1016,0 154,412,362,634,0 1429,445,1643,644,0 1451,111,1571,345,0 1296,207,1395,293,0 1167,97,1241,149,0 667,298,808,405,0 334,294,460,401,0
V:/Github/keras-yolo3/VOCdevkit2/VOC2007/JPEGImages/text198.jpg 1,778,166,1008,0 180,416,352,618,0 328,302,455,404,0 680,296,814,401,0 1430,452,1619,641,0 1303,202,1396,290,0 1167,96,1241,159,0 766,142,851,196,0
V:/Github/keras-yolo3/VOCdevkit2/VOC2007/JPEGImages/text199.jpg 1,772,181,1034,0 174,424,359,622,0 337,271,473,408,0 654,281,828,405,0 1504,457,1677,661,0 1297,205,1397,293,0 1163,96,1236,156,0 784,152,855,193,0
V:/Github/keras-yolo3/VOCdevkit2/VOC2007/JPEGImages/text20.jpg 570,452,801,659,0 1074,863,1406,1080,0 1071,446,1304,665,0 345,320,475,429,0 1423,282,1547,416,0 981,127,1081,215,0
V:/Github/keras-yolo3/VOCdevkit2/VOC2007/JPEGImages/text200.jpg 1,761,180,1055,0 171,420,369,649,0 1471,457,1664,660,0 658,274,814,394,0 352,286,458,400,0 1269,197,1400,293,0 1167,97,1229,155,0 780,131,858,197,0
V:/Github/keras-yolo3/VOCdevkit2/VOC2007/JPEGImages/text201.jpg 1,771,163,1008,0 166,422,371,641,0 1500,455,1656,653,0 643,282,819,398,0 303,305,467,401,0 1307,209,1410,289,0 1152,90,1241,156,0 767,138,862,197,0
V:/Github/keras-yolo3/VOCdevkit2/VOC2007/JPEGImages/text202.jpg 1,748,160,1007,0 166,426,364,626,0 330,305,462,415,0 658,282,830,408,0 1499,452,1659,663,0 1284,202,1386,292,0 1162,97,1236,153,0 780,138,852,189,0
V:/Github/keras-yolo3/VOCdevkit2/VOC2007/JPEGImages/text203.jpg 1,741,167,1004,0 159,430,348,633,0 1440,450,1663,655,0 655,274,810,389,0 323,301,455,401,0 1299,211,1403,286,0 748,141,836,202,0 1152,101,1252,155,0
V:/Github/keras-yolo3/VOCdevkit2/VOC2007/JPEGImages/text204.jpg 1,744,170,987,0 167,416,352,626,0 1454,449,1651,661,0 645,265,814,385,0 328,298,454,400,0 1299,216,1403,285,0 763,129,844,187,0 1162,97,1241,149,0
V:/Github/keras-yolo3/VOCdevkit2/VOC2007/JPEGImages/text207.jpg 129,486,341,620,0 1,737,143,1006,0 1470,453,1669,665,0 655,268,822,390,0 315,309,458,401,0 756,124,838,202,0 1293,213,1418,287,0 1147,102,1256,161,0
V:/Github/keras-yolo3/VOCdevkit2/VOC2007/JPEGImages/text208.jpg 1,738,181,1023,0 145,431,380,597,0 1492,465,1660,633,0 641,264,829,386,0 349,279,450,408,0 1297,211,1403,285,0 1143,104,1238,161,0 761,137,858,190,0
V:/Github/keras-yolo3/VOCdevkit2/VOC2007/JPEGImages/text209.jpg 1,727,186,1032,0 158,435,378,615,0 328,294,455,401,0 655,265,838,394,0 1451,457,1667,667,0 1286,202,1399,282,0 1147,100,1266,160,0 771,127,862,196,0
V:/Github/keras-yolo3/VOCdevkit2/VOC2007/JPEGImages/text21.jpg 1077,868,1422,1080,0 552,456,821,652,0 1054,456,1300,648,0 1408,279,1544,405,0 334,339,460,426,0 989,135,1104,224,0
V:/Github/keras-yolo3/VOCdevkit2/VOC2007/JPEGImages/text210.jpg 1,738,185,998,0 236,474,410,620,0 314,294,460,401,0 677,275,841,394,0 1447,446,1656,645,0 1297,213,1407,287,0 764,131,841,190,0 1152,102,1252,155,0
V:/Github/keras-yolo3/VOCdevkit2/VOC2007/JPEGImages/text211.jpg 1,729,160,1001,0 159,411,338,619,0 333,294,459,415,0 1478,452,1656,656,0 673,267,822,401,0 763,121,845,202,0 1292,207,1411,290,0 1160,100,1249,161,0
V:/Github/keras-yolo3/VOCdevkit2/VOC2007/JPEGImages/text212.jpg 1,730,169,999,0 156,430,341,620,0 332,292,445,409,0 658,278,818,397,0 1489,450,1641,655,0 1297,213,1388,286,0 1152,108,1247,163,0 763,122,841,197,0
V:/Github/keras-yolo3/VOCdevkit2/VOC2007/JPEGImages/text214.jpg 1,737,147,1012,0 167,424,373,618,0 1481,457,1648,656,0 1310,218,1407,290,0 1151,100,1240,155,0 660,278,836,398,0 337,305,454,413,0 774,138,866,190,0
V:/Github/keras-yolo3/VOCdevkit2/VOC2007/JPEGImages/text216.jpg 1,719,167,1010,0 136,438,380,618,0 656,264,812,389,0 1215,83,1300,230,0 1164,102,1229,149,0 1523,450,1664,641,0 782,142,847,186,0
V:/Github/keras-yolo3/VOCdevkit2/VOC2007/JPEGImages/text217.jpg 1,745,122,1002,0 138,429,344,618,0 1496,453,1680,635,0 303,296,429,409,0 647,274,826,389,0 1232,81,1301,161,0 1145,102,1226,161,0
V:/Github/keras-yolo3/VOCdevkit2/VOC2007/JPEGImages/text218.jpg 1,692,169,975,0 134,429,385,635,0 1466,449,1647,637,0 645,275,833,397,0 325,292,458,407,0 1232,76,1303,157,0 1169,104,1230,163,0
V:/Github/keras-yolo3/VOCdevkit2/VOC2007/JPEGImages/text219.jpg 1,704,177,992,0 154,435,375,616,0 1512,456,1671,652,0 312,302,459,423,0 644,261,838,411,0 755,138,864,200,0 1173,92,1252,159,0
V:/Github/keras-yolo3/VOCdevkit2/VOC2007/JPEGImages/text220.jpg 1,696,186,972,0 137,434,371,622,0 1518,460,1680,644,0 663,270,817,396,0 326,294,456,412,0 759,131,845,200,0 1156,102,1262,165,0
V:/Github/keras-yolo3/VOCdevkit2/VOC2007/JPEGImages/text221.jpg 1,709,162,968,0 123,437,338,618,0 1506,450,1665,651,0 670,274,817,381,0 337,290,460,412,0 771,149,840,197,0 1159,103,1251,159,0
V:/Github/keras-yolo3/VOCdevkit2/VOC2007/JPEGImages/text222.jpg 1,709,160,993,0 148,426,396,623,0 1484,449,1667,668,0 322,298,444,404,0 673,278,819,392,0 751,139,860,202,0 1164,102,1253,161,0
V:/Github/keras-yolo3/VOCdevkit2/VOC2007/JPEGImages/text223.jpg 1,716,173,996,0 129,434,393,608,0 1447,441,1637,645,0 325,294,433,405,0 664,274,815,392,0 1167,107,1252,161,0
V:/Github/keras-yolo3/VOCdevkit2/VOC2007/JPEGImages/text224.jpg 1,722,191,981,0 132,424,412,616,0 1449,429,1649,639,0 333,294,462,412,0 660,274,823,397,0 1162,109,1243,159,0
V:/Github/keras-yolo3/VOCdevkit2/VOC2007/JPEGImages/text225.jpg 1,716,166,991,0 143,493,389,623,0 332,292,455,405,0 663,274,814,387,0 1448,438,1618,644,0 1160,104,1255,164,0
V:/Github/keras-yolo3/VOCdevkit2/VOC2007/JPEGImages/text227.jpg 1,753,132,1005,0 149,496,380,623,0 318,292,434,404,0 625,264,837,390,0 1454,438,1663,667,0 1161,102,1264,161,0
V:/Github/keras-yolo3/VOCdevkit2/VOC2007/JPEGImages/text228.jpg 1,737,117,987,0 130,500,366,629,0 1467,432,1637,647,0 644,271,838,393,0 334,298,455,402,0 1159,105,1245,159,0
V:/Github/keras-yolo3/VOCdevkit2/VOC2007/JPEGImages/text229.jpg 1,708,173,975,0 137,435,319,612,0 329,294,462,407,0 644,276,833,383,0 1467,479,1691,638,0 752,139,832,200,0 1161,105,1250,158,0
V:/Github/keras-yolo3/VOCdevkit2/VOC2007/JPEGImages/text23.jpg 582,438,774,649,0 1091,437,1260,638,0 1101,876,1402,1067,0 1395,278,1533,422,0 344,314,463,421,0 1008,70,1103,209,0
V:/Github/keras-yolo3/VOCdevkit2/VOC2007/JPEGImages/text230.jpg 155,443,372,617,0 1,811,95,1019,0 306,301,429,415,0 663,281,829,407,0 1433,434,1634,618,0 1165,108,1246,155,0 758,127,848,197,0
V:/Github/keras-yolo3/VOCdevkit2/VOC2007/JPEGImages/text231.jpg 1,744,160,982,0 137,435,377,626,0 315,304,430,409,0 652,271,845,397,0 1462,472,1647,665,0 1160,87,1238,160,0 753,131,859,189,0
V:/Github/keras-yolo3/VOCdevkit2/VOC2007/JPEGImages/text232.jpg 1,826,121,1006,0 134,441,369,616,0 1443,437,1638,652,0 660,264,832,397,0 332,300,471,407,0 767,135,848,196,0 1155,108,1238,157,0
V:/Github/keras-yolo3/VOCdevkit2/VOC2007/JPEGImages/text233.jpg 1,812,132,1021,0 134,438,399,612,0 333,294,458,404,0 651,256,848,401,0 1432,435,1632,626,0 1181,101,1249,152,0 1028,59,1115,141,0 738,135,844,201,0
V:/Github/keras-yolo3/VOCdevkit2/VOC2007/JPEGImages/text234.jpg 1,770,115,1019,0 133,445,380,615,0 323,293,455,415,0 647,270,785,397,0 1448,441,1637,648,0 1028,41,1108,138,0 1160,79,1240,163,0 760,133,836,205,0
V:/Github/keras-yolo3/VOCdevkit2/VOC2007/JPEGImages/text235.jpg 1,771,144,1016,0 144,438,384,624,0 318,298,445,407,0 647,264,832,409,0 1454,448,1648,650,0 951,50,1037,161,0 1151,95,1240,163,0 763,131,869,196,0
V:/Github/keras-yolo3/VOCdevkit2/VOC2007/JPEGImages/text236.jpg 1,776,130,1003,0 129,438,334,634,0 317,290,452,411,0 656,270,834,401,0 1455,446,1637,634,0 1033,41,1119,138,0 1159,89,1237,157,0 755,142,855,197,0
V:/Github/keras-yolo3/VOCdevkit2/VOC2007/JPEGImages/text237.jpg 1,771,144,1017,0 125,483,369,629,0 1466,453,1677,660,0 330,292,462,401,0 647,281,829,404,0 757,131,848,193,0 1156,92,1244,159,0
V:/Github/keras-yolo3/VOCdevkit2/VOC2007/JPEGImages/text238.jpg 1,730,162,989,0 143,472,362,620,0 1485,443,1674,640,0 319,305,432,404,0 1156,100,1238,156,0
V:/Github/keras-yolo3/VOCdevkit2/VOC2007/JPEGImages/text239.jpg 121,485,345,629,0 1,720,164,1027,0 1463,453,1659,655,0 661,248,880,412,0 322,300,466,406,0 1169,104,1254,157,0
V:/Github/keras-yolo3/VOCdevkit2/VOC2007/JPEGImages/text240.jpg 119,496,343,634,0 322,302,434,409,0 1448,445,1655,663,0 1163,85,1240,156,0
V:/Github/keras-yolo3/VOCdevkit2/VOC2007/JPEGImages/text241.jpg 122,493,367,622,0 1470,449,1641,676,0 310,298,429,408,0 1144,100,1244,157,0
V:/Github/keras-yolo3/VOCdevkit2/VOC2007/JPEGImages/text242.jpg 121,489,330,619,0 1432,453,1647,641,0 321,294,454,413,0 1155,111,1243,161,0
V:/Github/keras-yolo3/VOCdevkit2/VOC2007/JPEGImages/text243.jpg 1,734,169,1005,0 138,420,375,618,0 319,292,454,416,0 1474,439,1664,665,0 1160,107,1233,167,0
V:/Github/keras-yolo3/VOCdevkit2/VOC2007/JPEGImages/text244.jpg 1,734,178,1002,0 141,438,381,618,0 1500,472,1693,641,0 322,297,467,412,0 1171,104,1243,155,0
V:/Github/keras-yolo3/VOCdevkit2/VOC2007/JPEGImages/text245.jpg 1,726,182,982,0 140,446,377,616,0 1491,468,1678,655,0 319,300,466,405,0 1181,104,1244,161,0
V:/Github/keras-yolo3/VOCdevkit2/VOC2007/JPEGImages/text248.jpg 1144,98,1237,163,0 1489,467,1652,661,0 322,279,462,420,0 144,445,333,620,0 1,748,163,1022,0
V:/Github/keras-yolo3/VOCdevkit2/VOC2007/JPEGImages/text249.jpg 1137,102,1244,159,0 1459,456,1654,674,0 345,276,469,415,0 158,434,356,612,0 1,756,156,1024,0
V:/Github/keras-yolo3/VOCdevkit2/VOC2007/JPEGImages/text25.jpg 589,448,795,661,0 1034,472,1304,657,0 1088,867,1440,1080,0 1414,281,1545,415,0 333,311,454,420,0 997,139,1077,209,0
V:/Github/keras-yolo3/VOCdevkit2/VOC2007/JPEGImages/text250.jpg 1,820,128,1003,0 1426,445,1654,648,0 155,434,373,619,0 338,279,463,405,0 630,276,837,401,0 1141,102,1243,157,0
V:/Github/keras-yolo3/VOCdevkit2/VOC2007/JPEGImages/text251.jpg 1166,101,1256,160,0 1456,445,1628,646,0 660,319,781,386,0 319,294,453,411,0 143,434,333,613,0 3,844,134,1044,0
V:/Github/keras-yolo3/VOCdevkit2/VOC2007/JPEGImages/text252.jpg 1,815,125,998,0 130,423,377,626,0 1418,442,1640,650,0 622,272,838,409,0 319,300,452,407,0 1145,107,1233,157,0
V:/Github/keras-yolo3/VOCdevkit2/VOC2007/JPEGImages/text255.jpg 1154,94,1251,165,0 663,272,843,400,0 329,298,455,412,0 130,415,332,616,0 1,765,148,1027,0 1430,430,1641,644,0
V:/Github/keras-yolo3/VOCdevkit2/VOC2007/JPEGImages/text257.jpg 1171,100,1251,156,0 1484,464,1689,653,0 647,260,825,392,0 295,313,438,404,0 147,485,374,619,0 1,755,104,1000,0
V:/Github/keras-yolo3/VOCdevkit2/VOC2007/JPEGImages/text259.jpg 1,778,91,1030,0 326,308,467,400,0 655,274,843,396,0 1459,490,1658,657,0 1154,105,1234,169,0
V:/Github/keras-yolo3/VOCdevkit2/VOC2007/JPEGImages/text26.jpg 585,450,801,653,0 1059,455,1295,648,0 1407,274,1534,415,0 1081,886,1400,1080,0 347,319,456,427,0 552,93,659,212,0 822,75,862,116,0
V:/Github/keras-yolo3/VOCdevkit2/VOC2007/JPEGImages/text260.jpg 630,272,845,394,0 340,312,452,404,0 1189,126,1267,174,0 1473,478,1652,652,0
V:/Github/keras-yolo3/VOCdevkit2/VOC2007/JPEGImages/text261.jpg 144,411,363,631,0 1464,502,1660,674,0 654,272,832,407,0 327,299,460,406,0 1189,92,1252,172,0
V:/Github/keras-yolo3/VOCdevkit2/VOC2007/JPEGImages/text262.jpg 1183,117,1264,169,0 306,285,477,412,0 644,278,881,404,0 140,435,330,619,0 1455,505,1675,667,0
V:/Github/keras-yolo3/VOCdevkit2/VOC2007/JPEGImages/text263.jpg 1166,102,1248,148,0 304,286,466,401,0 126,431,332,620,0 659,265,869,411,0 1445,507,1658,655,0
V:/Github/keras-yolo3/VOCdevkit2/VOC2007/JPEGImages/text264.jpg 1163,113,1244,167,0 293,308,473,408,0 625,260,844,400,0 141,420,370,619,0 1467,513,1680,659,0
V:/Github/keras-yolo3/VOCdevkit2/VOC2007/JPEGImages/text265.jpg 1169,107,1255,163,0 319,300,449,407,0 675,287,840,392,0 137,431,323,618,0 1463,515,1653,657,0
V:/Github/keras-yolo3/VOCdevkit2/VOC2007/JPEGImages/text266.jpg 1189,99,1248,169,0 326,296,434,411,0 130,422,352,609,0 658,274,885,418,0 1480,505,1673,644,0
V:/Github/keras-yolo3/VOCdevkit2/VOC2007/JPEGImages/text267.jpg 1166,107,1248,157,0 317,302,456,404,0 663,268,837,401,0 154,425,364,623,0 1474,436,1654,630,0
V:/Github/keras-yolo3/VOCdevkit2/VOC2007/JPEGImages/text268.jpg 1188,101,1251,178,0 328,276,488,397,0 154,433,364,607,0 652,273,834,395,0 1497,461,1659,668,0
V:/Github/keras-yolo3/VOCdevkit2/VOC2007/JPEGImages/text269.jpg 1174,105,1249,168,0 341,274,484,407,0 137,435,325,611,0 662,276,826,396,0 1482,445,1673,650,0
V:/Github/keras-yolo3/VOCdevkit2/VOC2007/JPEGImages/text27.jpg 575,444,763,660,0 1086,874,1393,1080,0 1049,496,1280,660,0 1437,322,1593,422,0 343,313,445,424,0 995,139,1086,219,0
V:/Github/keras-yolo3/VOCdevkit2/VOC2007/JPEGImages/text271.jpg 107,408,319,615,0 306,297,429,405,0 663,286,836,397,0 1486,482,1675,659,0 1162,107,1219,167,0
V:/Github/keras-yolo3/VOCdevkit2/VOC2007/JPEGImages/text272.jpg 138,418,355,615,0 1459,487,1671,652,0 329,285,473,418,0 628,272,848,404,0 1169,106,1271,168,0
V:/Github/keras-yolo3/VOCdevkit2/VOC2007/JPEGImages/text276.jpg 134,441,307,616,0 322,293,462,411,0 652,250,845,404,0 1507,459,1668,649,0 1155,93,1246,155,0
V:/Github/keras-yolo3/VOCdevkit2/VOC2007/JPEGImages/text277.jpg 112,437,334,606,0 318,304,449,407,0 643,277,864,404,0 1469,459,1677,659,0 1164,98,1248,160,0
V:/Github/keras-yolo3/VOCdevkit2/VOC2007/JPEGImages/text278.jpg 110,441,328,628,0 318,294,473,407,0 649,274,843,392,0 1486,452,1670,682,0 1159,96,1250,165,0
V:/Github/keras-yolo3/VOCdevkit2/VOC2007/JPEGImages/text279.jpg 144,441,366,618,0 325,294,463,418,0 649,274,832,390,0 1489,464,1677,655,0 1169,93,1267,164,0
V:/Github/keras-yolo3/VOCdevkit2/VOC2007/JPEGImages/text28.jpg 577,450,805,658,0 1077,502,1278,664,0 1092,874,1400,1080,0 986,60,1094,208,0 1391,278,1528,418,0
V:/Github/keras-yolo3/VOCdevkit2/VOC2007/JPEGImages/text280.jpg 128,442,317,612,0 323,298,470,415,0 641,281,837,392,0 1026,59,1100,150,0 1499,458,1661,643,0
V:/Github/keras-yolo3/VOCdevkit2/VOC2007/JPEGImages/text283.jpg 1,738,152,1010,0 141,448,318,620,0 333,300,466,413,0 623,278,837,396,0 1464,470,1667,667,0 1172,87,1238,162,0
V:/Github/keras-yolo3/VOCdevkit2/VOC2007/JPEGImages/text284.jpg 7,786,103,1027,0 148,442,340,615,0 331,284,448,412,0 625,283,825,400,0 1476,462,1687,663,0 1166,92,1240,161,0
V:/Github/keras-yolo3/VOCdevkit2/VOC2007/JPEGImages/text285.jpg 1,779,111,1023,0 130,441,345,629,0 1463,474,1669,665,0 326,300,444,402,0 647,313,792,379,0 1176,100,1249,156,0
V:/Github/keras-yolo3/VOCdevkit2/VOC2007/JPEGImages/text286.jpg 1,786,107,1018,0 130,446,363,619,0 1452,472,1667,671,0 303,307,425,400,0 660,318,774,382,0 1160,92,1249,157,0
V:/Github/keras-yolo3/VOCdevkit2/VOC2007/JPEGImages/text287.jpg 1,778,96,1030,0 133,439,359,620,0 1441,475,1664,668,0 319,304,425,407,0 635,282,832,397,0 1169,105,1236,149,0
V:/Github/keras-yolo3/VOCdevkit2/VOC2007/JPEGImages/text288.jpg 1,761,117,998,0 136,445,381,629,0 1459,478,1676,657,0 326,307,421,401,0 644,289,819,390,0 1185,105,1248,150,0
V:/Github/keras-yolo3/VOCdevkit2/VOC2007/JPEGImages/text289.jpg 1,774,158,1010,0 149,397,382,613,0 1491,479,1663,653,0 321,296,458,401,0 637,287,832,393,0 1185,103,1262,151,0
V:/Github/keras-yolo3/VOCdevkit2/VOC2007/JPEGImages/text29.jpg 1108,900,1399,1080,0 1058,498,1328,657,0 566,448,803,644,0 1376,269,1529,419,0 643,63,752,214,0
V:/Github/keras-yolo3/VOCdevkit2/VOC2007/JPEGImages/text291.jpg 1,786,110,1021,0 133,434,315,616,0 1453,446,1652,629,0 328,293,452,401,0 618,287,821,383,0 1181,101,1254,149,0
V:/Github/keras-yolo3/VOCdevkit2/VOC2007/JPEGImages/text292.jpg 1,841,101,1007,0 129,448,369,613,0 1478,451,1692,643,0 338,301,456,404,0 664,287,822,379,0 1181,98,1251,160,0
V:/Github/keras-yolo3/VOCdevkit2/VOC2007/JPEGImages/text293.jpg 1,729,159,998,0 163,415,363,614,0 1491,455,1677,653,0 338,300,452,404,0 640,297,840,407,0 1166,101,1243,148,0
V:/Github/keras-yolo3/VOCdevkit2/VOC2007/JPEGImages/text294.jpg 1,733,160,1011,0 124,439,319,614,0 1476,452,1685,654,0 307,298,433,402,0 662,277,863,391,0 1175,98,1256,146,0
V:/Github/keras-yolo3/VOCdevkit2/VOC2007/JPEGImages/text296.jpg 973,893,1174,1080,0 1,749,123,1012,0 140,438,371,616,0 1430,446,1626,648,0 323,307,455,405,0 1156,98,1237,157,0
V:/Github/keras-yolo3/VOCdevkit2/VOC2007/JPEGImages/text297.jpg 1,777,89,1001,0 136,442,348,614,0 1428,446,1636,653,0 326,290,460,408,0 648,193,808,397,0 1157,96,1241,162,0
V:/Github/keras-yolo3/VOCdevkit2/VOC2007/JPEGImages/text298.jpg 1,774,75,1013,0 176,396,375,615,0 1455,461,1662,674,0 319,304,428,408,0 644,261,829,373,0 1170,111,1256,157,0
V:/Github/keras-yolo3/VOCdevkit2/VOC2007/JPEGImages/text299.jpg 1,704,155,1024,0 129,451,311,616,0 329,283,456,411,0
V:/Github/keras-yolo3/VOCdevkit2/VOC2007/JPEGImages/text30.jpg 570,456,817,659,0 1100,894,1401,1080,0 1064,520,1293,661,0 987,130,1067,218,0 1417,305,1549,401,0
V:/Github/keras-yolo3/VOCdevkit2/VOC2007/JPEGImages/text300.jpg 1,826,78,1011,0 183,403,365,604,0 1480,471,1666,643,0 330,302,449,404,0 669,281,838,392,0 1187,98,1253,152,0
V:/Github/keras-yolo3/VOCdevkit2/VOC2007/JPEGImages/text301.jpg 1,774,75,1002,0 156,431,389,619,0 1444,471,1663,659,0 659,271,838,392,0 337,290,463,409,0 1179,115,1253,149,0
V:/Github/keras-yolo3/VOCdevkit2/VOC2007/JPEGImages/text302.jpg 1,768,151,1005,0 143,426,376,626,0 1471,471,1671,666,0 328,309,467,402,0 659,284,845,391,0 1186,104,1254,156,0
V:/Github/keras-yolo3/VOCdevkit2/VOC2007/JPEGImages/text303.jpg 1,758,164,1009,0 136,422,377,618,0 1477,468,1672,653,0 665,279,846,383,0 302,298,444,408,0 1163,102,1264,156,0
V:/Github/keras-yolo3/VOCdevkit2/VOC2007/JPEGImages/text304.jpg 137,434,344,616,0 4,722,123,1037,0 318,286,462,410,0 652,283,852,405,0 1163,110,1263,149,0 1475,461,1668,665,0
V:/Github/keras-yolo3/VOCdevkit2/VOC2007/JPEGImages/text305.jpg 1,739,167,1009,0 117,455,359,629,0 329,297,454,409,0 675,276,844,400,0 1462,475,1674,659,0 1167,105,1254,156,0
V:/Github/keras-yolo3/VOCdevkit2/VOC2007/JPEGImages/text306.jpg 1,756,121,1009,0 149,439,340,613,0 1494,473,1674,658,0 326,301,464,409,0 660,269,822,385,0 1175,101,1256,161,0
V:/Github/keras-yolo3/VOCdevkit2/VOC2007/JPEGImages/text307.jpg 1,752,159,1008,0 149,437,378,612,0 330,293,448,411,0 674,267,825,386,0 1478,482,1668,653,0 1163,96,1248,155,0
V:/Github/keras-yolo3/VOCdevkit2/VOC2007/JPEGImages/text308.jpg 1,747,147,992,0 142,452,312,623,0 311,301,457,404,0 1449,446,1638,642,0 674,265,867,401,0 1181,98,1244,153,0
V:/Github/keras-yolo3/VOCdevkit2/VOC2007/JPEGImages/text309.jpg 1,771,162,1019,0 128,489,334,611,0 1493,445,1656,635,0 306,305,425,403,0 703,329,796,393,0 1180,105,1249,155,0
V:/Github/keras-yolo3/VOCdevkit2/VOC2007/JPEGImages/text31.jpg 581,432,797,657,0 1062,882,1381,1080,0 1075,468,1279,664,0 975,135,1066,211,0 1415,281,1554,418,0
V:/Github/keras-yolo3/VOCdevkit2/VOC2007/JPEGImages/text310.jpg 1,761,136,1040,0 125,487,395,619,0 1481,452,1673,656,0 318,298,428,410,0 700,334,791,403,0 1185,96,1269,157,0
V:/Github/keras-yolo3/VOCdevkit2/VOC2007/JPEGImages/text312.jpg 1,749,86,1010,0 129,485,384,622,0 336,308,456,401,0 1438,452,1626,650,0 701,329,803,382,0 1180,114,1241,158,0
V:/Github/keras-yolo3/VOCdevkit2/VOC2007/JPEGImages/text314.jpg 1,738,148,995,0 137,493,385,622,0 1469,468,1671,656,0 695,345,799,389,0 340,294,463,408,0 1171,104,1251,155,0
V:/Github/keras-yolo3/VOCdevkit2/VOC2007/JPEGImages/text318.jpg 134,501,377,629,0 1,697,164,1001,0 1456,474,1685,673,0 669,281,836,400,0 1166,112,1251,160,0
V:/Github/keras-yolo3/VOCdevkit2/VOC2007/JPEGImages/text319.jpg 1,736,170,997,0 137,500,371,622,0 1470,475,1660,647,0 651,268,851,396,0 441,156,566,281,0 1163,112,1245,161,0
V:/Github/keras-yolo3/VOCdevkit2/VOC2007/JPEGImages/text32.jpg 563,444,806,646,0 1055,473,1295,657,0 1116,905,1405,1080,0 1564,174,1694,433,0 997,213,1117,283,0 980,133,1071,209,0
V:/Github/keras-yolo3/VOCdevkit2/VOC2007/JPEGImages/text321.jpg 3,761,92,1024,0 154,426,367,613,0 652,282,838,392,0 1471,483,1664,642,0
V:/Github/keras-yolo3/VOCdevkit2/VOC2007/JPEGImages/text322.jpg 1226,70,1303,152,0 674,286,840,400,0 147,435,391,608,0 1,759,164,1020,0 1448,484,1688,641,0
V:/Github/keras-yolo3/VOCdevkit2/VOC2007/JPEGImages/text323.jpg 1,767,114,988,0 154,438,381,615,0 1475,485,1664,645,0 662,286,845,400,0
V:/Github/keras-yolo3/VOCdevkit2/VOC2007/JPEGImages/text324.jpg 1,733,162,1012,0 140,437,362,615,0 669,275,833,394,0 1445,478,1671,672,0
V:/Github/keras-yolo3/VOCdevkit2/VOC2007/JPEGImages/text327.jpg 1,734,160,1016,0 156,412,371,612,0 666,281,845,386,0 1463,474,1659,641,0
V:/Github/keras-yolo3/VOCdevkit2/VOC2007/JPEGImages/text328.jpg 1,731,152,1008,0 142,415,379,618,0 673,279,838,407,0 1440,446,1628,641,0
V:/Github/keras-yolo3/VOCdevkit2/VOC2007/JPEGImages/text329.jpg 1,737,167,1008,0 128,493,388,622,0 1454,460,1632,648,0 662,278,845,389,0
V:/Github/keras-yolo3/VOCdevkit2/VOC2007/JPEGImages/text33.jpg 580,449,822,652,0 1051,507,1297,656,0 1112,902,1410,1080,0 1007,207,1123,285,0 970,88,1074,213,0
V:/Github/keras-yolo3/VOCdevkit2/VOC2007/JPEGImages/text330.jpg 1,860,110,1018,0 1449,446,1630,608,0 669,271,829,400,0
V:/Github/keras-yolo3/VOCdevkit2/VOC2007/JPEGImages/text331.jpg 1,697,144,1012,0 666,281,838,387,0 1443,453,1644,629,0
V:/Github/keras-yolo3/VOCdevkit2/VOC2007/JPEGImages/text332.jpg 1,835,89,1018,0 155,427,337,622,0 662,281,849,396,0 1491,468,1666,644,0
V:/Github/keras-yolo3/VOCdevkit2/VOC2007/JPEGImages/text333.jpg 493,50,638,152,0 654,274,832,379,0 1487,474,1656,656,0
V:/Github/keras-yolo3/VOCdevkit2/VOC2007/JPEGImages/text336.jpg 1,704,141,1033,0 1467,470,1667,647,0 717,330,817,400,0
V:/Github/keras-yolo3/VOCdevkit2/VOC2007/JPEGImages/text337.jpg 1,706,164,1027,0 1452,483,1673,646,0 707,333,815,401,0
V:/Github/keras-yolo3/VOCdevkit2/VOC2007/JPEGImages/text338.jpg 1,731,151,1014,0 682,294,803,397,0 1480,468,1671,660,0
V:/Github/keras-yolo3/VOCdevkit2/VOC2007/JPEGImages/text339.jpg 1,731,140,1024,0 704,312,796,385,0 1470,469,1666,649,0
V:/Github/keras-yolo3/VOCdevkit2/VOC2007/JPEGImages/text34.jpg 566,435,773,646,0 1103,882,1390,1080,0 1082,470,1277,651,0 1002,208,1104,274,0 993,144,1111,202,0
V:/Github/keras-yolo3/VOCdevkit2/VOC2007/JPEGImages/text340.jpg 1,755,158,1024,0 666,275,836,397,0 1453,481,1679,668,0
V:/Github/keras-yolo3/VOCdevkit2/VOC2007/JPEGImages/text341.jpg 1,730,158,1047,0 662,271,833,385,0 1467,487,1674,646,0
V:/Github/keras-yolo3/VOCdevkit2/VOC2007/JPEGImages/text342.jpg 185,427,437,618,0 1,730,166,1007,0 652,272,840,389,0 1459,481,1679,670,0
V:/Github/keras-yolo3/VOCdevkit2/VOC2007/JPEGImages/text343.jpg 1,731,159,1001,0 720,306,830,407,0 1478,491,1666,664,0
V:/Github/keras-yolo3/VOCdevkit2/VOC2007/JPEGImages/text344.jpg 41,553,170,624,0 1,731,158,1007,0 734,318,822,399,0 1482,481,1674,654,0
V:/Github/keras-yolo3/VOCdevkit2/VOC2007/JPEGImages/text345.jpg 1,565,174,653,0 1,718,170,1012,0 726,331,840,402,0 1489,498,1675,656,0
V:/Github/keras-yolo3/VOCdevkit2/VOC2007/JPEGImages/text346.jpg 19,494,170,626,0 1,698,163,998,0 700,330,834,400,0 1483,493,1676,663,0
V:/Github/keras-yolo3/VOCdevkit2/VOC2007/JPEGImages/text347.jpg 1,696,145,985,0 674,287,808,389,0 1478,503,1677,644,0
V:/Github/keras-yolo3/VOCdevkit2/VOC2007/JPEGImages/text348.jpg 45,565,171,639,0 1,700,156,1008,0 664,287,832,385,0 1454,507,1684,683,0
V:/Github/keras-yolo3/VOCdevkit2/VOC2007/JPEGImages/text349.jpg 1,704,133,995,0 55,552,154,635,0 671,278,858,387,0 1479,508,1664,659,0
V:/Github/keras-yolo3/VOCdevkit2/VOC2007/JPEGImages/text35.jpg 1126,882,1385,1080,0 574,446,811,651,0 1082,474,1292,668,0 998,207,1098,284,0 981,150,1064,202,0
V:/Github/keras-yolo3/VOCdevkit2/VOC2007/JPEGImages/text350.jpg 1,719,137,1010,0 77,492,202,619,0 681,287,845,394,0 1471,503,1669,654,0
V:/Github/keras-yolo3/VOCdevkit2/VOC2007/JPEGImages/text352.jpg 41,519,181,624,0 1,729,154,1030,0 352,285,458,409,0 677,286,852,394,0 1453,458,1658,651,0
V:/Github/keras-yolo3/VOCdevkit2/VOC2007/JPEGImages/text353.jpg 1660,272,1815,659,0 307,301,453,397,0 25,560,155,634,0 1,724,160,1007,0
V:/Github/keras-yolo3/VOCdevkit2/VOC2007/JPEGImages/text354.jpg 22,544,177,629,0 1,734,163,1009,0 330,305,453,408,0
V:/Github/keras-yolo3/VOCdevkit2/VOC2007/JPEGImages/text355.jpg 25,512,167,635,0 1,731,169,1018,0 324,296,431,402,0
V:/Github/keras-yolo3/VOCdevkit2/VOC2007/JPEGImages/text356.jpg 323,290,459,409,0 1,735,152,1043,0 1,574,154,638,0
V:/Github/keras-yolo3/VOCdevkit2/VOC2007/JPEGImages/text358.jpg 120,442,268,613,0 1,729,152,1015,0 323,294,453,401,0
V:/Github/keras-yolo3/VOCdevkit2/VOC2007/JPEGImages/text359.jpg 1,752,177,1018,0
V:/Github/keras-yolo3/VOCdevkit2/VOC2007/JPEGImages/text36.jpg 1070,839,1380,1080,0 559,444,818,650,0 1064,470,1283,644,0 994,202,1115,278,0 977,142,1066,209,0
V:/Github/keras-yolo3/VOCdevkit2/VOC2007/JPEGImages/text360.jpg 325,292,449,407,0 1,760,101,996,0 32,565,184,631,0
V:/Github/keras-yolo3/VOCdevkit2/VOC2007/JPEGImages/text361.jpg 118,450,274,611,0 1,738,123,1011,0 326,291,452,405,0
V:/Github/keras-yolo3/VOCdevkit2/VOC2007/JPEGImages/text362.jpg 100,439,298,621,0 322,293,421,407,0 1,856,123,1017,0
V:/Github/keras-yolo3/VOCdevkit2/VOC2007/JPEGImages/text363.jpg 1,779,177,987,0 342,287,452,404,0 62,539,206,626,0
V:/Github/keras-yolo3/VOCdevkit2/VOC2007/JPEGImages/text364.jpg 69,498,219,627,0 1,786,159,987,0 312,289,419,406,0
V:/Github/keras-yolo3/VOCdevkit2/VOC2007/JPEGImages/text366.jpg 1,779,169,992,0 323,302,426,405,0 30,559,166,627,0
V:/Github/keras-yolo3/VOCdevkit2/VOC2007/JPEGImages/text368.jpg 309,212,432,399,0 1,765,152,998,0
V:/Github/keras-yolo3/VOCdevkit2/VOC2007/JPEGImages/text369.jpg 37,373,259,630,0 133,236,243,411,0 1,779,166,997,0
V:/Github/keras-yolo3/VOCdevkit2/VOC2007/JPEGImages/text37.jpg 554,449,754,645,0 1115,475,1289,645,0 1111,890,1386,1080,0 992,208,1104,276,0 988,133,1073,198,0
V:/Github/keras-yolo3/VOCdevkit2/VOC2007/JPEGImages/text370.jpg 126,246,275,411,0 25,341,166,618,0 14,256,86,339,0 1,783,156,995,0
V:/Github/keras-yolo3/VOCdevkit2/VOC2007/JPEGImages/text371.jpg 1,779,166,1018,0 656,288,791,382,0 824,134,922,290,0
V:/Github/keras-yolo3/VOCdevkit2/VOC2007/JPEGImages/text372.jpg 1,804,143,1018,0 680,318,817,404,0 1617,226,1730,445,0
V:/Github/keras-yolo3/VOCdevkit2/VOC2007/JPEGImages/text374.jpg 123,438,375,593,0 1,718,156,998,0
V:/Github/keras-yolo3/VOCdevkit2/VOC2007/JPEGImages/text376.jpg 124,440,380,606,0 1,770,156,997,0
V:/Github/keras-yolo3/VOCdevkit2/VOC2007/JPEGImages/text377.jpg 133,447,382,609,0 1,786,119,972,0
V:/Github/keras-yolo3/VOCdevkit2/VOC2007/JPEGImages/text378.jpg 666,274,818,392,0 128,441,333,618,0 1,822,111,986,0
V:/Github/keras-yolo3/VOCdevkit2/VOC2007/JPEGImages/text379.jpg 662,283,799,386,0 132,438,388,607,0 1,782,159,1003,0
V:/Github/keras-yolo3/VOCdevkit2/VOC2007/JPEGImages/text380.jpg 1,770,166,999,0 144,430,392,607,0 670,283,823,381,0
V:/Github/keras-yolo3/VOCdevkit2/VOC2007/JPEGImages/text381.jpg 1,775,159,971,0 169,424,358,613,0 670,276,842,385,0
V:/Github/keras-yolo3/VOCdevkit2/VOC2007/JPEGImages/text382.jpg 137,439,396,607,0 662,271,851,393,0
V:/Github/keras-yolo3/VOCdevkit2/VOC2007/JPEGImages/text384.jpg 136,439,381,605,0 657,279,830,394,0
V:/Github/keras-yolo3/VOCdevkit2/VOC2007/JPEGImages/text385.jpg 1,704,149,1015,0 130,435,378,624,0 662,281,826,392,0
V:/Github/keras-yolo3/VOCdevkit2/VOC2007/JPEGImages/text386.jpg 1,707,174,1008,0 130,441,396,619,0 671,278,848,385,0
V:/Github/keras-yolo3/VOCdevkit2/VOC2007/JPEGImages/text387.jpg 130,437,389,608,0 1,727,148,1027,0 660,279,845,381,0
V:/Github/keras-yolo3/VOCdevkit2/VOC2007/JPEGImages/text388.jpg 684,272,837,385,0 134,439,388,601,0 1,730,147,1007,0
V:/Github/keras-yolo3/VOCdevkit2/VOC2007/JPEGImages/text39.jpg 552,470,807,634,0 1067,483,1266,648,0 1092,846,1379,1080,0 1001,209,1108,273,0 988,150,1063,201,0
V:/Github/keras-yolo3/VOCdevkit2/VOC2007/JPEGImages/text390.jpg 1,765,159,1008,0 141,447,399,613,0 667,271,827,394,0
V:/Github/keras-yolo3/VOCdevkit2/VOC2007/JPEGImages/text392.jpg 149,485,391,619,0 2,822,123,1007,0 661,278,841,385,0
V:/Github/keras-yolo3/VOCdevkit2/VOC2007/JPEGImages/text393.jpg 144,490,396,618,0 4,838,145,1004,0 708,320,811,389,0
V:/Github/keras-yolo3/VOCdevkit2/VOC2007/JPEGImages/text394.jpg 152,431,370,608,0 1,808,185,997,0 688,313,825,389,0
V:/Github/keras-yolo3/VOCdevkit2/VOC2007/JPEGImages/text395.jpg 1,709,148,992,0 150,434,383,609,0 717,320,823,393,0
V:/Github/keras-yolo3/VOCdevkit2/VOC2007/JPEGImages/text396.jpg 1,722,177,997,0 152,439,399,615,0 725,326,826,405,0
V:/Github/keras-yolo3/VOCdevkit2/VOC2007/JPEGImages/text397.jpg 1,729,163,1007,0 149,439,374,624,0 683,315,829,390,0
V:/Github/keras-yolo3/VOCdevkit2/VOC2007/JPEGImages/text398.jpg 141,435,368,601,0 1,748,152,1008,0 673,275,830,387,0
V:/Github/keras-yolo3/VOCdevkit2/VOC2007/JPEGImages/text399.jpg 1,716,154,986,0 144,438,366,610,0 667,281,833,389,0
V:/Github/keras-yolo3/VOCdevkit2/VOC2007/JPEGImages/text40.jpg 1114,846,1382,1080,0 1074,464,1257,648,0 575,439,799,652,0 985,206,1114,268,0 986,145,1073,200,0
V:/Github/keras-yolo3/VOCdevkit2/VOC2007/JPEGImages/text400.jpg 1,716,155,1002,0 142,441,379,612,0 655,271,828,387,0
V:/Github/keras-yolo3/VOCdevkit2/VOC2007/JPEGImages/text401.jpg 138,429,389,608,0 1,726,166,988,0 654,293,854,383,0
V:/Github/keras-yolo3/VOCdevkit2/VOC2007/JPEGImages/text402.jpg 1,749,169,984,0 148,446,362,612,0 662,285,845,387,0
V:/Github/keras-yolo3/VOCdevkit2/VOC2007/JPEGImages/text403.jpg 174,416,358,612,0 1,771,156,1008,0 659,293,844,382,0
V:/Github/keras-yolo3/VOCdevkit2/VOC2007/JPEGImages/text404.jpg 1,767,134,987,0 155,430,373,620,0 656,293,855,382,0
V:/Github/keras-yolo3/VOCdevkit2/VOC2007/JPEGImages/text405.jpg 1,767,154,964,0 148,431,374,620,0 664,292,855,382,0
V:/Github/keras-yolo3/VOCdevkit2/VOC2007/JPEGImages/text406.jpg 1,760,159,997,0 151,429,370,613,0 662,296,844,386,0
V:/Github/keras-yolo3/VOCdevkit2/VOC2007/JPEGImages/text407.jpg 1,853,104,1006,0 162,429,382,618,0 661,286,847,378,0
V:/Github/keras-yolo3/VOCdevkit2/VOC2007/JPEGImages/text408.jpg 1,844,115,1021,0 158,419,365,624,0 647,264,837,396,0
V:/Github/keras-yolo3/VOCdevkit2/VOC2007/JPEGImages/text409.jpg 157,419,381,617,0 634,261,837,392,0
V:/Github/keras-yolo3/VOCdevkit2/VOC2007/JPEGImages/text410.jpg 283,343,457,554,0 300,109,401,286,0 606,157,781,382,0
V:/Github/keras-yolo3/VOCdevkit2/VOC2007/JPEGImages/text411.jpg 1,548,110,1016,0 1533,231,1617,413,0 1597,200,1664,431,0
V:/Github/keras-yolo3/VOCdevkit2/VOC2007/JPEGImages/text412.jpg 1,857,89,1041,0
V:/Github/keras-yolo3/VOCdevkit2/VOC2007/JPEGImages/text416.jpg 1504,122,1615,397,0
V:/Github/keras-yolo3/VOCdevkit2/VOC2007/JPEGImages/text418.jpg 1,739,160,993,0
V:/Github/keras-yolo3/VOCdevkit2/VOC2007/JPEGImages/text419.jpg 1,776,167,1024,0 1478,461,1658,671,0 255,438,407,664,0 137,431,256,605,0 340,293,469,407,0 468,199,561,284,0 1017,185,1134,270,0 1166,112,1260,160,0
V:/Github/keras-yolo3/VOCdevkit2/VOC2007/JPEGImages/text42.jpg 536,457,809,650,0 1078,848,1380,1080,0 1094,465,1265,646,0 1001,209,1107,279,0 977,152,1066,204,0
V:/Github/keras-yolo3/VOCdevkit2/VOC2007/JPEGImages/text421.jpg 1,782,106,1003,0 147,439,392,600,0 1475,449,1619,646,0 463,202,601,285,0 734,198,852,274,0 1003,202,1145,270,0
V:/Github/keras-yolo3/VOCdevkit2/VOC2007/JPEGImages/text422.jpg 1,755,160,982,0 193,424,377,609,0 461,203,558,277,0 740,201,836,271,0 1018,201,1140,270,0 1480,445,1610,634,0
V:/Github/keras-yolo3/VOCdevkit2/VOC2007/JPEGImages/text423.jpg 1,809,151,976,0 191,424,380,609,0 1458,444,1647,663,0 1000,196,1129,264,0 659,182,841,264,0 462,202,586,282,0
V:/Github/keras-yolo3/VOCdevkit2/VOC2007/JPEGImages/text424.jpg 1,778,137,997,0 159,425,381,594,0 1461,446,1627,644,0 475,198,585,287,0 899,188,1055,289,0 1033,199,1126,278,0
V:/Github/keras-yolo3/VOCdevkit2/VOC2007/JPEGImages/text426.jpg 1,723,167,1008,0 167,423,382,597,0 1481,437,1626,640,0 475,196,601,285,0 733,207,848,270,0 1009,206,1132,275,0
V:/Github/keras-yolo3/VOCdevkit2/VOC2007/JPEGImages/text427.jpg 1,718,177,1014,0 175,413,399,613,0 433,193,586,292,0 1464,468,1647,670,0 1010,196,1129,275,0 722,198,791,271,0 711,219,921,426,0
V:/Github/keras-yolo3/VOCdevkit2/VOC2007/JPEGImages/text428.jpg 1,713,156,1020,0 145,490,382,618,0 1445,445,1649,659,0 444,194,606,289,0 718,196,843,271,0 1008,201,1128,272,0
V:/Github/keras-yolo3/VOCdevkit2/VOC2007/JPEGImages/text429.jpg 1,720,163,1020,0 141,400,311,611,0 334,302,482,408,0 462,196,585,285,0 721,205,825,270,0 1006,207,1136,274,0
V:/Github/keras-yolo3/VOCdevkit2/VOC2007/JPEGImages/text43.jpg 560,450,770,643,0 1128,881,1310,1080,0 1118,483,1280,655,0 975,131,1054,204,0 1008,215,1101,271,0 1014,18,1093,116,0
V:/Github/keras-yolo3/VOCdevkit2/VOC2007/JPEGImages/text430.jpg 1,719,166,1015,0 173,423,396,602,0 337,301,469,409,0 458,192,582,292,0 717,205,825,267,0 1010,207,1151,267,0
V:/Github/keras-yolo3/VOCdevkit2/VOC2007/JPEGImages/text435.jpg 1,724,170,996,0 178,416,386,597,0 347,293,463,405,0 466,200,580,296,0 708,197,814,265,0 992,216,1137,279,0
V:/Github/keras-yolo3/VOCdevkit2/VOC2007/JPEGImages/text436.jpg 1,713,177,1030,0 155,419,391,600,0 377,209,474,405,0 481,197,540,278,0 711,193,826,268,0 1008,213,1131,267,0
V:/Github/keras-yolo3/VOCdevkit2/VOC2007/JPEGImages/text437.jpg 1,712,170,996,0 153,486,348,615,0 352,294,466,402,0 458,193,578,279,0 706,194,837,268,0 996,209,1137,275,0
V:/Github/keras-yolo3/VOCdevkit2/VOC2007/JPEGImages/text439.jpg 1,726,162,1017,0 152,426,332,607,0 348,301,456,408,0 462,196,588,287,0 717,198,803,267,0 1025,211,1126,268,0
V:/Github/keras-yolo3/VOCdevkit2/VOC2007/JPEGImages/text44.jpg 599,412,800,629,0 1110,887,1326,1080,0 1110,505,1309,648,0 348,331,474,408,0 993,209,1095,270,0 971,133,1056,202,0
V:/Github/keras-yolo3/VOCdevkit2/VOC2007/JPEGImages/text440.jpg 1,719,159,1008,0 158,433,341,616,0 330,292,452,408,0 466,194,594,287,0 706,200,821,264,0 1026,208,1132,271,0
V:/Github/keras-yolo3/VOCdevkit2/VOC2007/JPEGImages/text441.jpg 1,730,166,1012,0 155,435,340,608,0 334,297,451,402,0 460,211,589,289,0 717,205,814,268,0 1018,212,1145,278,0 1455,459,1634,649,0
V:/Github/keras-yolo3/VOCdevkit2/VOC2007/JPEGImages/text442.jpg 1,707,170,1001,0 160,427,386,616,0 1464,456,1633,623,0 332,298,451,401,0 462,205,582,281,0 721,205,823,271,0 1030,213,1132,271,0
V:/Github/keras-yolo3/VOCdevkit2/VOC2007/JPEGImages/text443.jpg 1,715,171,994,0 166,424,389,602,0 344,297,439,408,0 477,205,592,289,0 717,202,823,271,0 1025,216,1130,275,0 1480,447,1630,657,0
V:/Github/keras-yolo3/VOCdevkit2/VOC2007/JPEGImages/text445.jpg 1,734,175,978,0 159,423,371,608,0 328,297,437,404,0 464,205,562,283,0 715,198,810,270,0 1036,211,1119,266,0 1511,505,1684,667,0
V:/Github/keras-yolo3/VOCdevkit2/VOC2007/JPEGImages/text446.jpg 1,726,167,985,0 173,433,386,598,0 359,307,455,404,0 474,200,585,285,0 723,198,814,259,0 1026,220,1130,274,0 1484,467,1639,657,0
V:/Github/keras-yolo3/VOCdevkit2/VOC2007/JPEGImages/text447.jpg 1,735,180,1003,0 178,412,388,593,0 341,297,460,404,0 470,200,593,290,0 730,201,823,270,0 1028,219,1126,272,0 1483,454,1646,654,0
V:/Github/keras-yolo3/VOCdevkit2/VOC2007/JPEGImages/text448.jpg 1,722,167,968,0 164,423,392,612,0 347,300,447,405,0 483,197,590,293,0 717,200,833,270,0 1038,218,1125,274,0 1456,449,1642,670,0
V:/Github/keras-yolo3/VOCdevkit2/VOC2007/JPEGImages/text449.jpg 1,718,156,963,0 163,433,385,618,0 360,297,460,404,0 488,198,587,286,0 715,198,819,260,0 1036,212,1128,274,0 1449,452,1636,639,0
V:/Github/keras-yolo3/VOCdevkit2/VOC2007/JPEGImages/text45.jpg 591,422,798,627,0 1121,881,1394,1080,0 1065,490,1268,649,0 341,318,426,401,0 1006,208,1111,268,0 981,154,1053,206,0
V:/Github/keras-yolo3/VOCdevkit2/VOC2007/JPEGImages/text450.jpg 1,718,154,1008,0 158,438,372,596,0 1455,453,1636,644,0 345,295,464,405,0 459,205,577,287,0 706,201,819,270,0 1032,216,1123,271,0
V:/Github/keras-yolo3/VOCdevkit2/VOC2007/JPEGImages/text451.jpg 1487,147,1567,345,0 1037,215,1114,271,0 718,197,815,262,0 468,199,580,279,0 348,294,457,407,0 158,438,392,609,0 1,719,170,993,0 1452,452,1637,620,0
V:/Github/keras-yolo3/VOCdevkit2/VOC2007/JPEGImages/text452.jpg 358,428,531,628,0 1,701,169,1011,0 137,419,366,571,0 1475,451,1632,657,0 344,297,448,404,0 464,201,585,285,0 728,195,817,268,0 1010,208,1123,272,0
V:/Github/keras-yolo3/VOCdevkit2/VOC2007/JPEGImages/text453.jpg 1,705,175,986,0 149,420,266,587,0 280,472,525,656,0 343,295,459,412,0 457,196,549,280,0 719,198,819,268,0 1018,212,1110,275,0 1451,455,1616,661,0
V:/Github/keras-yolo3/VOCdevkit2/VOC2007/JPEGImages/text454.jpg 1,713,170,997,0 145,420,258,593,0 285,454,522,644,0 347,294,457,407,0 446,197,539,274,0 720,198,820,270,0 1024,189,1136,271,0 1484,463,1646,674,0
V:/Github/keras-yolo3/VOCdevkit2/VOC2007/JPEGImages/text455.jpg 1,724,177,997,0 143,423,269,589,0 273,468,517,646,0 1475,459,1638,651,0 341,300,471,407,0 469,197,580,287,0 717,196,812,264,0 1018,191,1134,273,0
V:/Github/keras-yolo3/VOCdevkit2/VOC2007/JPEGImages/text456.jpg 1,726,170,1009,0 145,423,255,581,0 292,460,529,660,0 1488,450,1642,642,0 344,296,474,408,0 471,192,575,282,0 723,193,815,271,0 1028,189,1128,271,0
V:/Github/keras-yolo3/VOCdevkit2/VOC2007/JPEGImages/text458.jpg 1,731,159,994,0 145,426,254,590,0 344,445,540,646,0 1450,451,1635,621,0 340,292,460,401,0 454,192,570,282,0 723,202,815,268,0 1026,190,1126,271,0
V:/Github/keras-yolo3/VOCdevkit2/VOC2007/JPEGImages/text459.jpg 1,726,180,963,0 141,419,259,593,0 292,464,526,648,0 1452,452,1635,642,0 336,300,463,396,0 456,193,548,283,0 726,202,819,270,0 1013,196,1132,274,0
V:/Github/keras-yolo3/VOCdevkit2/VOC2007/JPEGImages/text46.jpg 1122,844,1383,1080,0 550,413,799,642,0 1059,485,1274,656,0 359,289,483,405,0 1001,209,1093,276,0 988,130,1075,211,0
V:/Github/keras-yolo3/VOCdevkit2/VOC2007/JPEGImages/text460.jpg 278,479,532,652,0 148,427,256,592,0 1476,456,1656,657,0 333,301,473,407,0 460,193,563,290,0 725,202,810,265,0 1027,193,1126,276,0
V:/Github/keras-yolo3/VOCdevkit2/VOC2007/JPEGImages/text462.jpg 1,730,169,1015,0 143,431,254,589,0 282,465,545,660,0 1458,449,1634,634,0 340,294,463,404,0 470,204,576,285,0 728,204,808,267,0 1025,220,1096,271,0
V:/Github/keras-yolo3/VOCdevkit2/VOC2007/JPEGImages/text463.jpg 1,767,175,1016,0 145,427,247,586,0 291,468,525,655,0 1452,451,1628,646,0 349,296,466,401,0 466,202,577,289,0 729,196,817,268,0 1014,220,1108,278,0
V:/Github/keras-yolo3/VOCdevkit2/VOC2007/JPEGImages/text465.jpg 1,774,181,1014,0 138,428,265,581,0 301,423,541,633,0 1467,463,1631,656,0 336,297,469,409,0 455,208,589,285,0 723,200,834,265,0 1006,216,1096,271,0
V:/Github/keras-yolo3/VOCdevkit2/VOC2007/JPEGImages/text466.jpg 1,770,166,1026,0 148,438,280,604,0 323,423,541,646,0 350,296,446,404,0 1407,454,1633,642,0 451,200,581,286,0 717,197,833,270,0 1001,220,1093,272,0
V:/Github/keras-yolo3/VOCdevkit2/VOC2007/JPEGImages/text467.jpg 1,779,173,1016,0 149,419,273,586,0 267,448,464,664,0 1475,463,1639,645,0 346,307,460,409,0 449,194,601,290,0 722,200,821,264,0 1000,220,1089,278,0
V:/Github/keras-yolo3/VOCdevkit2/VOC2007/JPEGImages/text469.jpg 1,771,160,1016,0 144,420,280,582,0 278,452,458,650,0 1474,460,1642,642,0 351,298,463,415,0 466,202,537,285,0 717,204,825,267,0 1023,215,1104,271,0 1131,126,1251,283,0
V:/Github/keras-yolo3/VOCdevkit2/VOC2007/JPEGImages/text47.jpg 569,430,803,622,0 1117,892,1381,1080,0 1065,471,1261,646,0 363,279,456,405,0 1000,209,1110,272,0 971,153,1056,201,0
V:/Github/keras-yolo3/VOCdevkit2/VOC2007/JPEGImages/text470.jpg 1,776,171,1004,0 134,422,262,598,0 251,459,460,659,0 1440,460,1641,636,0 347,297,456,407,0 470,215,529,268,0 706,201,817,271,0 1056,190,1162,264,0 1173,102,1233,171,0
V:/Github/keras-yolo3/VOCdevkit2/VOC2007/JPEGImages/text471.jpg 146,430,252,587,0 271,449,448,661,0 358,298,448,405,0 487,204,565,292,0 725,202,817,272,0 1008,196,1164,282,0 1176,105,1240,170,0 1454,458,1651,631,0
V:/Github/keras-yolo3/VOCdevkit2/VOC2007/JPEGImages/text472.jpg 1,698,173,1009,0 136,430,266,598,0 274,423,442,635,0 354,300,445,402,0 470,192,588,300,0 726,202,817,268,0 1016,186,1139,274,0 1174,108,1248,161,0 1474,476,1675,664,0
V:/Github/keras-yolo3/VOCdevkit2/VOC2007/JPEGImages/text474.jpg 1,738,164,992,0 149,433,241,592,0 251,442,410,648,0 358,300,454,408,0 458,199,553,283,0 723,213,845,272,0 1177,115,1251,157,0 1018,205,1148,281,0 1486,483,1666,659,0
V:/Github/keras-yolo3/VOCdevkit2/VOC2007/JPEGImages/text475.jpg 1,720,173,989,0 160,415,258,600,0 249,453,404,646,0 356,308,454,413,0 463,211,580,286,0 703,209,817,264,0 1032,190,1137,278,0 1180,113,1255,161,0 1464,466,1653,665,0
V:/Github/keras-yolo3/VOCdevkit2/VOC2007/JPEGImages/text476.jpg 1,718,185,1014,0 148,437,252,590,0 249,452,417,660,0 1471,464,1654,667,0 352,294,471,408,0 459,201,577,281,0 1020,186,1143,271,0 1168,104,1246,159,0
V:/Github/keras-yolo3/VOCdevkit2/VOC2007/JPEGImages/text477.jpg 1,771,162,1004,0 151,433,247,592,0 248,448,422,650,0 330,303,455,408,0 460,197,563,287,0 1023,195,1133,273,0 1173,103,1238,154,0 1482,464,1663,670,0
V:/Github/keras-yolo3/VOCdevkit2/VOC2007/JPEGImages/text480.jpg 1,779,175,1020,0 138,438,277,620,0 296,436,433,650,0 1484,465,1646,649,0 341,297,481,413,0 462,196,569,277,0 993,193,1111,272,0 1182,110,1252,160,0
V:/Github/keras-yolo3/VOCdevkit2/VOC2007/JPEGImages/text481.jpg 1,777,110,1020,0 130,430,264,616,0 275,438,451,642,0 1472,448,1640,627,0 344,299,474,410,0 453,192,598,295,0 1021,190,1123,261,0 1171,108,1247,157,0
V:/Github/keras-yolo3/VOCdevkit2/VOC2007/JPEGImages/text482.jpg 1,776,160,992,0 140,436,244,595,0 254,449,426,646,0 1430,453,1657,629,0 340,303,444,406,0 436,198,560,279,0 1002,192,1131,267,0 1171,116,1257,166,0
V:/Github/keras-yolo3/VOCdevkit2/VOC2007/JPEGImages/text483.jpg 1,780,154,1005,0 133,434,248,589,0 247,451,410,650,0 1480,472,1671,661,0 344,302,473,416,0 443,191,580,291,0 1029,193,1134,272,0 1170,110,1257,157,0
V:/Github/keras-yolo3/VOCdevkit2/VOC2007/JPEGImages/text485.jpg 1,731,158,997,0 125,447,260,605,0 281,430,454,650,0 1452,458,1654,618,0 356,303,471,401,0 454,196,573,295,0 1013,195,1122,270,0 1177,109,1266,160,0
V:/Github/keras-yolo3/VOCdevkit2/VOC2007/JPEGImages/text486.jpg 1,856,114,997,0 137,434,260,606,0 256,428,451,657,0 1474,444,1637,663,0 344,297,473,406,0 463,197,581,284,0 1015,198,1132,276,0 1171,110,1263,157,0
V:/Github/keras-yolo3/VOCdevkit2/VOC2007/JPEGImages/text487.jpg 1,802,107,1012,0 134,427,269,603,0 263,439,423,649,0 1460,455,1642,616,0 342,299,477,403,0 449,199,585,290,0 1008,191,1125,276,0 1173,115,1260,163,0
V:/Github/keras-yolo3/VOCdevkit2/VOC2007/JPEGImages/text488.jpg 1,844,108,1024,0 137,439,251,602,0 264,439,430,667,0 1478,460,1645,653,0 349,291,474,402,0 454,199,577,275,0 744,194,832,262,0 1003,192,1133,270,0 1177,113,1254,160,0
V:/Github/keras-yolo3/VOCdevkit2/VOC2007/JPEGImages/text489.jpg 1,783,155,1026,0 125,425,281,620,0 263,432,437,642,0 326,301,454,403,0 456,199,573,288,0 726,206,839,271,0 1040,203,1144,271,0 1493,447,1659,651,0 1360,93,1437,243,0 1165,116,1255,164,0
V:/Github/keras-yolo3/VOCdevkit2/VOC2007/JPEGImages/text49.jpg 565,429,806,630,0 1051,475,1296,649,0 1114,887,1432,1080,0 1640,756,1918,1080,0 332,319,452,413,0 1001,209,1089,262,0 974,147,1060,209,0
V:/Github/keras-yolo3/VOCdevkit2/VOC2007/JPEGImages/text490.jpg 1,772,164,1003,0 134,424,274,595,0 262,428,437,624,0 1460,448,1647,667,0 344,299,460,409,0 467,199,581,291,0 714,207,832,268,0 1018,208,1137,273,0 1163,106,1252,164,0
V:/Github/keras-yolo3/VOCdevkit2/VOC2007/JPEGImages/text491.jpg 1,853,121,1017,0 136,434,267,601,0 256,445,456,645,0 1485,456,1644,662,0 352,298,482,403,0 456,192,580,288,0 731,196,838,265,0 1029,202,1121,268,0 1167,108,1259,158,0
V:/Github/keras-yolo3/VOCdevkit2/VOC2007/JPEGImages/text492.jpg 1,780,155,1023,0 96,476,258,613,0 252,439,434,640,0 362,301,470,413,0 470,194,593,290,0 722,203,857,269,0 1162,106,1264,165,0 1006,206,1107,275,0 1473,450,1644,648,0
V:/Github/keras-yolo3/VOCdevkit2/VOC2007/JPEGImages/text493.jpg 1,784,160,1008,0 122,456,252,614,0 257,444,452,654,0 339,304,470,408,0 1463,461,1652,661,0 464,194,597,280,0 726,202,833,271,0 1007,202,1107,275,0 1159,102,1259,164,0
V:/Github/keras-yolo3/VOCdevkit2/VOC2007/JPEGImages/text494.jpg 1,773,155,1008,0 143,417,274,590,0 270,432,415,634,0 359,298,470,412,0 463,198,586,294,0 732,198,841,266,0 1009,198,1121,273,0 1164,108,1255,158,0 1487,446,1635,623,0
V:/Github/keras-yolo3/VOCdevkit2/VOC2007/JPEGImages/text495.jpg 1,787,166,988,0 142,427,246,598,0 252,449,433,634,0 1482,465,1645,667,0 343,297,478,409,0 456,200,545,278,0 723,202,836,269,0 1000,208,1111,271,0 1167,106,1255,158,0
V:/Github/keras-yolo3/VOCdevkit2/VOC2007/JPEGImages/text496.jpg 1,767,171,997,0 125,442,259,610,0 263,442,426,647,0 1489,457,1662,661,0 349,301,481,409,0 460,199,567,275,0 726,202,823,273,0 1005,201,1126,272,0 1167,112,1264,163,0
V:/Github/keras-yolo3/VOCdevkit2/VOC2007/JPEGImages/text497.jpg 1,752,155,988,0 137,446,278,613,0 272,437,430,636,0 1482,461,1673,656,0 346,295,479,417,0 463,206,593,286,0 721,199,834,266,0 1008,209,1108,275,0 1167,110,1260,165,0
V:/Github/keras-yolo3/VOCdevkit2/VOC2007/JPEGImages/text498.jpg 1,853,126,1029,0 128,428,258,602,0 261,442,452,650,0 1491,461,1660,657,0 352,297,473,405,0 461,189,576,279,0 732,202,852,269,0 1000,208,1123,273,0 1162,100,1258,163,0
V:/Github/keras-yolo3/VOCdevkit2/VOC2007/JPEGImages/text499.jpg 1,788,151,1014,0 128,449,289,601,0 274,440,414,629,0 1481,454,1632,643,0 349,298,470,408,0 455,198,591,279,0 748,194,837,266,0 995,208,1117,275,0 1173,106,1258,158,0
V:/Github/keras-yolo3/VOCdevkit2/VOC2007/JPEGImages/text50.jpg 583,435,804,634,0 1156,871,1427,1080,0 1685,812,1920,1074,0 1074,507,1286,643,0 372,272,493,405,0 999,206,1092,273,0 991,145,1077,202,0
V:/Github/keras-yolo3/VOCdevkit2/VOC2007/JPEGImages/text500.jpg 1,787,160,1017,0 140,439,282,594,0 270,438,436,635,0 343,295,473,408,0 469,202,567,286,0 763,212,850,271,0 1184,108,1258,153,0 1011,206,1106,271,0 1470,457,1636,650,0
V:/Github/keras-yolo3/VOCdevkit2/VOC2007/JPEGImages/text501.jpg 1,815,107,1020,0 1473,450,1632,637,0 272,438,432,628,0 123,452,296,600,0 345,302,484,408,0 465,190,576,288,0 743,220,833,267,0 1020,189,1137,264,0 1177,106,1266,165,0
V:/Github/keras-yolo3/VOCdevkit2/VOC2007/JPEGImages/text502.jpg 1,835,89,1023,0 122,411,312,606,0 266,452,447,631,0 1445,446,1644,667,0 336,309,470,409,0 443,197,555,272,0 747,226,808,269,0 1011,211,1124,271,0 1165,104,1254,167,0
V:/Github/keras-yolo3/VOCdevkit2/VOC2007/JPEGImages/text505.jpg 1,754,164,972,0 144,417,249,600,0 254,449,435,631,0 341,291,466,412,0 448,190,558,289,0 716,203,846,267,0 1176,112,1256,160,0 1016,190,1126,272,0 1449,460,1626,648,0
V:/Github/keras-yolo3/VOCdevkit2/VOC2007/JPEGImages/text507.jpg 1,786,171,1010,0 140,431,247,605,0 256,445,422,641,0 1451,450,1626,633,0 348,302,480,408,0 443,216,534,275,0 725,205,838,272,0 1000,189,1114,272,0 1173,106,1269,157,0
V:/Github/keras-yolo3/VOCdevkit2/VOC2007/JPEGImages/text508.jpg 1,850,101,1019,0 162,425,288,603,0 271,405,431,637,0 1443,464,1643,626,0 359,291,473,404,0 433,206,562,279,0 719,204,837,263,0 1016,193,1131,268,0 1168,109,1255,152,0
V:/Github/keras-yolo3/VOCdevkit2/VOC2007/JPEGImages/text509.jpg 1,771,158,955,0 141,422,295,591,0 282,406,434,642,0 1470,450,1626,631,0 335,300,478,404,0 438,207,543,281,0 721,195,847,269,0 1025,188,1140,269,0 1169,108,1255,158,0
V:/Github/keras-yolo3/VOCdevkit2/VOC2007/JPEGImages/text51.jpg 1130,861,1401,1080,0 1663,708,1888,1048,0 1038,512,1285,648,0 580,435,803,628,0 349,302,462,400,0 995,209,1085,267,0 986,152,1069,206,0
V:/Github/keras-yolo3/VOCdevkit2/VOC2007/JPEGImages/text510.jpg 1,786,160,1009,0 55,497,222,620,0 254,437,440,654,0 336,300,452,406,0 459,200,580,285,0 726,198,838,271,0 1038,201,1140,271,0 1180,109,1256,161,0 1461,450,1625,648,0
V:/Github/keras-yolo3/VOCdevkit2/VOC2007/JPEGImages/text511.jpg 1,779,148,973,0 109,437,256,598,0 274,433,421,651,0 1486,460,1639,651,0 333,294,463,402,0 458,196,586,281,0 722,200,843,268,0 1029,200,1130,271,0 1170,112,1262,163,0
V:/Github/keras-yolo3/VOCdevkit2/VOC2007/JPEGImages/text512.jpg 1,775,152,990,0 114,432,255,604,0 274,422,437,629,0 1481,454,1647,656,0 338,290,449,397,0 459,204,566,285,0 729,195,845,265,0 1030,197,1133,271,0 1181,110,1256,160,0
V:/Github/keras-yolo3/VOCdevkit2/VOC2007/JPEGImages/text514.jpg 114,432,226,591,0 255,446,449,640,0 343,295,474,406,0 1473,464,1648,657,0 457,196,583,286,0 723,202,836,265,0 1011,204,1134,271,0 1171,111,1254,158,0
V:/Github/keras-yolo3/VOCdevkit2/VOC2007/JPEGImages/text515.jpg 112,439,248,606,0 262,439,459,649,0 1469,456,1647,641,0 345,304,470,411,0 454,200,558,293,0 732,204,845,271,0 1026,200,1127,268,0 1175,116,1270,169,0
V:/Github/keras-yolo3/VOCdevkit2/VOC2007/JPEGImages/text516.jpg 4,782,167,1015,0 122,428,240,587,0 285,437,473,634,0 351,297,471,412,0 459,202,569,275,0 719,202,845,272,0 1037,204,1119,272,0 1177,104,1257,155,0 1446,439,1630,657,0
V:/Github/keras-yolo3/VOCdevkit2/VOC2007/JPEGImages/text517.jpg 1,839,85,1009,0 107,438,249,611,0 278,437,462,629,0 1453,441,1622,632,0 329,320,441,412,0 461,202,572,289,0 727,200,826,264,0 1052,204,1121,275,0 1168,112,1246,161,0
V:/Github/keras-yolo3/VOCdevkit2/VOC2007/JPEGImages/text519.jpg 1,842,81,1001,0 119,435,238,597,0 260,442,462,642,0 1480,454,1647,661,0 459,197,574,293,0 722,202,836,265,0 1045,206,1118,268,0 1174,116,1256,164,0
V:/Github/keras-yolo3/VOCdevkit2/VOC2007/JPEGImages/text52.jpg 1074,879,1399,1080,0 1632,712,1906,1053,0 1064,511,1284,656,0 575,431,806,628,0 345,306,467,398,0 1007,212,1093,272,0 975,142,1065,206,0
V:/Github/keras-yolo3/VOCdevkit2/VOC2007/JPEGImages/text520.jpg 1,802,111,1022,0 96,417,214,611,0 253,439,456,630,0 1475,463,1650,653,0 456,193,573,280,0 719,204,825,269,0 1016,204,1119,273,0 1174,115,1262,163,0
V:/Github/keras-yolo3/VOCdevkit2/VOC2007/JPEGImages/text521.jpg 1,764,162,1025,0 122,416,234,601,0 243,446,452,643,0 1481,453,1644,661,0 356,275,481,408,0 450,201,553,280,0 722,204,832,268,0 1018,193,1126,263,0 1183,111,1259,160,0
V:/Github/keras-yolo3/VOCdevkit2/VOC2007/JPEGImages/text522.jpg 98,449,227,600,0 299,442,460,632,0 1519,474,1663,643,0 349,296,469,412,0 457,206,566,284,0 722,205,833,264,0 1012,202,1129,269,0 1169,113,1249,158,0 3,850,106,1027,0
V:/Github/keras-yolo3/VOCdevkit2/VOC2007/JPEGImages/text524.jpg 1,852,91,1027,0 63,448,215,616,0 254,432,451,626,0 1475,454,1643,637,0 349,293,462,408,0 462,194,585,280,0 725,202,832,267,0 1010,202,1119,269,0 1172,119,1264,165,0
V:/Github/keras-yolo3/VOCdevkit2/VOC2007/JPEGImages/text526.jpg 1497,839,1870,1080,0 134,431,255,609,0 243,443,422,635,0 337,290,461,399,0 459,198,580,290,0 717,198,840,274,0 995,205,1114,269,0 1178,105,1264,160,0 1473,457,1616,650,0
V:/Github/keras-yolo3/VOCdevkit2/VOC2007/JPEGImages/text528.jpg 1,737,154,1018,0 99,431,212,597,0 254,438,433,632,0 1477,447,1640,665,0 338,298,466,390,0 477,198,591,295,0 719,204,837,269,0 1020,188,1123,273,0 1181,109,1251,161,0
V:/Github/keras-yolo3/VOCdevkit2/VOC2007/JPEGImages/text529.jpg 1,738,148,1027,0 99,449,264,586,0 258,438,433,635,0 1492,449,1630,650,0 355,301,473,411,0 723,205,838,267,0 1011,197,1116,265,0 1182,105,1248,167,0
V:/Github/keras-yolo3/VOCdevkit2/VOC2007/JPEGImages/text530.jpg 1,730,145,981,0 93,341,259,616,0 349,311,493,415,0 1436,452,1621,668,0 736,201,815,267,0 1036,202,1130,274,0 1159,111,1262,160,0
V:/Github/keras-yolo3/VOCdevkit2/VOC2007/JPEGImages/text531.jpg 1,706,162,1008,0 219,228,322,397,0 1419,445,1619,650,0 508,98,626,279,0 721,194,825,260,0 1017,226,1125,272,0 1173,111,1243,161,0
V:/Github/keras-yolo3/VOCdevkit2/VOC2007/JPEGImages/text532.jpg 1,732,156,1017,0 188,338,367,622,0 333,295,455,408,0 467,200,595,287,0 730,201,826,265,0 1026,220,1101,269,0 1429,457,1629,646,0 1192,108,1262,167,0
V:/Github/keras-yolo3/VOCdevkit2/VOC2007/JPEGImages/text533.jpg 1,717,152,999,0 163,434,389,590,0 336,295,460,406,0 463,201,573,279,0 711,201,828,267,0 1015,215,1111,276,0 1185,105,1269,164,0 1446,452,1643,632,0
V:/Github/keras-yolo3/VOCdevkit2/VOC2007/JPEGImages/text534.jpg 1,722,163,1010,0 154,427,382,594,0 334,294,454,406,0 477,193,570,280,0 729,197,830,269,0 1166,102,1255,167,0 1471,453,1665,653,0
V:/Github/keras-yolo3/VOCdevkit2/VOC2007/JPEGImages/text535.jpg 1,724,152,1000,0 142,426,381,600,0 1462,456,1645,669,0 347,300,470,405,0 464,201,574,287,0 707,211,823,265,0 1182,101,1267,163,0 1050,233,1132,272,0
V:/Github/keras-yolo3/VOCdevkit2/VOC2007/JPEGImages/text536.jpg 1,716,166,997,0 140,431,385,601,0 344,285,464,409,0 459,195,581,287,0 726,206,822,268,0 1171,116,1262,156,0 1430,458,1633,642,0
V:/Github/keras-yolo3/VOCdevkit2/VOC2007/JPEGImages/text538.jpg 1,724,154,988,0 159,446,382,597,0 348,302,462,413,0 466,198,574,283,0 724,202,833,268,0 1478,463,1643,674,0 1169,110,1255,158,0
V:/Github/keras-yolo3/VOCdevkit2/VOC2007/JPEGImages/text56.jpg 1100,857,1411,1072,0 1645,713,1876,1065,0 1070,443,1289,635,0 571,463,830,638,0 327,305,464,395,0 1006,186,1111,268,0 981,148,1056,200,0
V:/Github/keras-yolo3/VOCdevkit2/VOC2007/JPEGImages/text57.jpg 819,63,859,105,0 985,142,1043,205,0 1002,190,1110,272,0 338,300,455,406,0 554,439,808,638,0 1085,500,1259,638,0 1097,871,1413,1080,0 1636,700,1884,1058,0
V:/Github/keras-yolo3/VOCdevkit2/VOC2007/JPEGImages/text58.jpg 1085,880,1464,1080,0 1641,711,1880,1063,0 1063,512,1289,638,0 581,428,803,639,0 333,315,459,401,0 995,190,1118,268,0 975,141,1044,193,0 816,68,879,108,0
V:/Github/keras-yolo3/VOCdevkit2/VOC2007/JPEGImages/text60.jpg 1081,856,1415,1080,0 1646,704,1880,1047,0 1060,512,1289,649,0 548,446,811,635,0 317,306,467,402,0 1000,187,1109,288,0 982,156,1053,201,0
V:/Github/keras-yolo3/VOCdevkit2/VOC2007/JPEGImages/text62.jpg 1093,868,1428,1080,0 1647,703,1904,1047,0 1057,509,1311,642,0 552,419,818,642,0 329,315,445,408,0 1004,185,1112,269,0
V:/Github/keras-yolo3/VOCdevkit2/VOC2007/JPEGImages/text64.jpg 1113,893,1392,1080,0 1640,712,1893,1058,0 1052,457,1268,641,0 575,434,777,639,0 313,294,459,397,0 1001,190,1131,260,0
V:/Github/keras-yolo3/VOCdevkit2/VOC2007/JPEGImages/text66.jpg 1106,891,1401,1080,0 1634,712,1896,1053,0 580,452,774,626,0 1109,473,1304,639,0 333,301,452,411,0 1011,190,1126,265,0
V:/Github/keras-yolo3/VOCdevkit2/VOC2007/JPEGImages/text67.jpg 1105,841,1366,1080,0 1661,694,1869,1046,0 1110,478,1309,645,0 593,432,766,635,0 340,288,463,416,0 971,137,1045,199,0 1011,190,1121,279,0
V:/Github/keras-yolo3/VOCdevkit2/VOC2007/JPEGImages/text68.jpg 337,313,464,406,0 577,444,796,642,0 1133,876,1404,1080,0 1636,706,1895,1042,0 1099,486,1318,637,0 996,192,1118,266,0
V:/Github/keras-yolo3/VOCdevkit2/VOC2007/JPEGImages/text69.jpg 1147,879,1382,1080,0 1655,713,1899,1046,0 1095,469,1307,642,0 584,441,784,630,0 315,304,471,402,0 995,200,1108,274,0 981,139,1069,204,0
V:/Github/keras-yolo3/VOCdevkit2/VOC2007/JPEGImages/text70.jpg 1155,879,1436,1079,0 1666,717,1870,1043,0 1103,485,1291,643,0 584,446,797,643,0 341,293,459,409,0 991,200,1081,289,0 992,126,1075,195,0
V:/Github/keras-yolo3/VOCdevkit2/VOC2007/JPEGImages/text71.jpg 573,438,801,637,0 1136,912,1369,1080,0 1649,712,1891,1037,0 1098,479,1301,640,0 322,306,459,404,0 974,208,1085,278,0 985,137,1088,205,0
V:/Github/keras-yolo3/VOCdevkit2/VOC2007/JPEGImages/text72.jpg 260,924,593,1080,0 671,663,1100,1080,0 1126,911,1428,1080,0 1694,787,1920,1058,0 556,437,762,626,0 1051,465,1263,642,0 1480,300,1624,669,0 1674,282,1803,639,0 403,311,514,406,0 355,100,469,258,0 1000,187,1117,269,0 1174,135,1270,269,0 1212,41,1270,139,0 1137,78,1195,126,0 832,71,914,191,0 941,63,1004,105,0 986,128,1062,176,0
V:/Github/keras-yolo3/VOCdevkit2/VOC2007/JPEGImages/text8.jpg 751,963,1056,1080,0 1104,906,1412,1067,0 134,467,382,637,0 580,465,767,678,0 1073,519,1288,664,0 1466,471,1644,664,0 332,352,452,437,0 634,301,828,415,0 989,314,1132,426,0 1395,286,1520,422,0 1291,231,1392,311,0 442,227,552,304,0 713,222,824,290,0 746,169,846,221,0 977,160,1054,232,0 1164,133,1222,181,0 1126,105,1181,149,0
V:/Github/keras-yolo3/VOCdevkit2/VOC2007/JPEGImages/text9.jpg 391,752,647,1080,0 1099,861,1404,1080,0 1074,527,1287,674,0 1485,447,1650,680,0 596,457,822,661,0 175,423,359,609,0 349,341,457,432,0 470,208,580,311,0 726,213,829,287,0 1026,316,1171,423,0 1413,269,1530,427,0 1288,227,1392,306,0 986,156,1096,218,0 588,129,681,172,0 1125,95,1196,137,0 1172,131,1233,171,0
V:/Github/keras-yolo3/VOCdevkit2/VOC2007/JPEGImages/text98.jpg 1684,356,1880,648,0 1551,167,1654,394,0 996,269,1145,395,0 214,250,337,386,0 755,26,836,106,0 873,41,947,146,0 999,34,1058,85,0 1033,49,1097,128,0 519,56,594,148,0 559,34,633,78,0
V:/Github/keras-yolo3/VOCdevkit2/VOC2007/JPEGImages/text99.jpg 549,417,816,658,0 1136,858,1399,1080,0 1686,807,1918,1066,0 262,211,403,394,0 986,285,1170,403,0 422,46,525,180,0 570,48,636,148,0 634,50,738,162,0 989,35,1074,105,0
